Tallformatet viser til kolonnenummer:
0=JoyForward, 1=PowerA, 2=PowerB, 3=IAE, 4=Mae 
6=Tva, 7=Tvb 
0.78125,0.1171875,0.6640625,0,0,0,0
-11.71875,-5.99609375,-5.72265625,0,0.3333333333333333,6.11328125,6.38671875
-4.296875,-2.28515625,-2.01171875,0.0,0.25,9.82421875,10.09765625
0.5859375,0.15625,0.4296875,0.08997082710266108,0.4,12.265625,12.5390625
0.5859375,0.15625,0.4296875,0.08997082710266108,0.3333333333333333,12.265625,12.5390625
0.5859375,0.15625,0.4296875,0.08997082710266108,0.2857142857142857,12.265625,12.5390625
13.28125,6.50390625,6.77734375,0.17098593711853022,0.375,18.61328125,18.88671875
26.7578125,13.2421875,13.515625,0.17098593711853022,0.3333333333333333,25.3515625,25.625
36.328125,18.02734375,18.30078125,0.25193691253662104,0.4,30.13671875,30.41015625
53.125,26.42578125,26.69921875,0.33204793930053705,0.4545454545454546,38.53515625,38.80859375
59.9609375,29.84375,30.1171875,0.5230436325073242,0.5833333333333333,41.953125,42.2265625
61.71875,30.72265625,30.99609375,0.7466490268707282,0.7692307692307693,42.83203125,43.10546875
61.71875,29.765625,31.953125,0.9168727397918699,0.8571428571428571,43.7890625,44.0625
57.421875,25.703125,31.71875,1.1321797370910662,1.0,47.8515625,44.296875
50.390625,20.8203125,29.5703125,1.3248245716094968,1.125,52.734375,46.4453125
50.390625,20.0,30.390625,1.5330755710601818,1.2352941176470589,53.5546875,47.265625
50.390625,20.68359375,29.70703125,1.6785056591033938,1.2777777777777777,54.23828125,47.94921875
50.390625,21.23046875,29.16015625,1.7479498386383059,1.263157894736842,54.78515625,48.49609375
50.390625,22.1875,28.203125,1.7479498386383059,1.2000000000000002,55.7421875,49.453125
52.34375,25.146484375,27.197265625,1.7479498386383059,1.1428571428571428,58.701171875,50.458984375
54.6875,27.0703125,27.6171875,1.822162628173828,1.1363636363636365,60.625,50.87890625
54.6875,27.0703125,27.6171875,1.989078998565674,1.1739130434782608,60.625,50.87890625
54.6875,27.20703125,27.48046875,2.210517883300781,1.25,60.76171875,51.015625
54.6875,27.20703125,27.48046875,2.4284799098968515,1.32,60.76171875,51.015625
54.6875,27.20703125,27.48046875,2.6347510814666744,1.3846153846153846,60.76171875,51.015625
54.6875,27.20703125,27.48046875,2.859216928482055,1.4444444444444444,60.76171875,51.015625
54.6875,27.20703125,27.48046875,3.2161123752594007,1.5357142857142856,60.76171875,51.015625
57.2265625,28.4765625,28.75,3.512632608413696,1.6206896551724137,62.03125,52.28515625
58.59375,30.6640625,27.9296875,3.904793024063112,1.7333333333333334,64.21875,53.10546875
58.59375,31.2109375,27.3828125,4.1954691410064715,1.8064516129032258,64.765625,53.65234375
58.59375,29.43359375,29.16015625,4.2807681560516375,1.78125,66.54296875,55.4296875
58.59375,29.84375,28.75,4.459190130233767,1.7878787878787878,66.953125,55.83984375
58.59375,29.296875,29.296875,4.709270000457766,1.8235294117647058,67.5,56.38671875
58.59375,29.16015625,29.43359375,4.95000505447388,1.857142857142857,67.63671875,56.5234375
58.59375,29.16015625,29.43359375,5.38440012931824,1.9444444444444444,67.63671875,56.5234375
57.03125,28.37890625,28.65234375,5.935621023178101,2.081081081081081,68.41796875,57.3046875
57.03125,28.37890625,28.65234375,6.585750341415402,2.236842105263158,68.41796875,57.3046875
64.453125,29.21875,35.234375,7.308440446853634,2.41025641025641,69.2578125,63.88671875
68.75,29.1796875,39.5703125,8.024246931076053,2.575,69.296875,68.22265625
71.09375,27.6171875,43.4765625,8.861866235733032,2.75609756097561,70.859375,72.12890625
74.21875,31.09375,43.125,9.804707765579218,2.976190476190476,74.3359375,72.48046875
74.21875,31.77734375,42.44140625,10.94680857658387,3.2093023255813953,75.01953125,73.1640625
74.21875,36.630859375,37.587890625,11.852605581283566,3.409090909090909,79.873046875,78.017578125
74.21875,36.69921875,37.51953125,12.687845468521115,3.555555555555556,79.94140625,78.0859375
74.21875,39.84375,34.375,13.413578271865841,3.6739130434782608,83.0859375,81.23046875
71.484375,39.84375,31.640625,14.216576814651495,3.8085106382978724,83.0859375,83.96484375
65.625,36.298828125,29.326171875,14.87221837043762,3.895833333333333,86.630859375,86.279296875
65.625,35.41015625,30.21484375,15.447537660598757,3.9795918367346936,87.51953125,87.16796875
65.625,37.529296875,28.095703125,16.095394611358643,4.04,89.638671875,89.287109375
60.15625,36.09375,24.0625,16.58686113357544,4.078431372549019,91.07421875,93.3203125
54.6875,33.359375,21.328125,16.99478578567505,4.096153846153847,93.80859375,96.0546875
46.09375,29.130859375,16.962890625,17.191227912902832,4.056603773584905,98.037109375,100.419921875
32.03125,23.671875,8.359375,17.274142742156982,4.0,103.49609375,109.0234375
23.828125,18.75,5.078125,17.353396892547607,3.9454545454545453,108.41796875,112.3046875
21.875,17.7734375,4.1015625,17.51348066329956,3.9107142857142856,109.39453125,113.28125
21.875,19.9609375,1.9140625,17.676036834716797,3.87719298245614,111.58203125,115.46875
27.5390625,25.9375,1.6015625,17.96705150604248,3.862068965517241,117.55859375,115.78125
30.46875,27.40234375,3.06640625,18.1412296295166,3.830508474576271,119.0234375,117.24609375
30.46875,27.744140625,2.724609375,18.289865493774414,3.8,119.365234375,117.587890625
30.46875,28.154296875,2.314453125,18.46540355682373,3.7704918032786887,119.775390625,117.998046875
32.03125,29.140625,2.890625,18.56931447982788,3.725806451612903,120.76171875,118.57421875
35.9375,30.205078125,5.732421875,18.56931447982788,3.6666666666666665,121.826171875,121.416015625
37.890625,29.8828125,8.0078125,18.56931447982788,3.609375,122.1484375,123.69140625
41.40625,31.640625,9.765625,18.65578532218933,3.5692307692307694,123.90625,125.44921875
41.40625,31.640625,9.765625,18.843183279037476,3.5454545454545454,123.90625,125.44921875
41.40625,31.640625,9.765625,19.001593351364136,3.5223880597014925,123.90625,125.44921875
47.265625,33.88671875,13.37890625,19.265947580337524,3.514705882352941,126.15234375,129.0625
54.6875,39.6484375,15.0390625,19.51681923866272,3.5072463768115942,131.9140625,130.72265625
58.59375,42.96875,15.625,19.741390228271484,3.5,135.234375,131.30859375
58.59375,42.96875,15.625,19.91104221343994,3.47887323943662,135.234375,131.30859375
50.0,40.17578125,9.824218750000002,20.090596199035645,3.458333333333333,138.02734375,137.109375
37.5,34.8828125,2.6171875,20.182297229766846,3.4246575342465753,143.3203125,144.31640625
34.375,33.8671875,0.5078125,20.272646188735962,3.391891891891892,144.3359375,146.42578125
34.375,32.5,1.8750000000000018,20.43695616722107,3.3733333333333335,145.703125,147.79296875
34.375,33.18359375,1.1914062500000018,20.70339822769165,3.3684210526315788,146.38671875,148.4765625
34.375,32.568359375,1.8066406250000018,21.050806522369385,3.376623376623377,147.001953125,149.091796875
37.5,33.2421875,4.257812500000002,21.541096448898315,3.3974358974358974,147.67578125,151.54296875
44.921875,36.81640625,8.105468750000002,22.185131549835205,3.4430379746835444,151.25,155.390625
46.09375,36.71875,9.375,23.144306659698486,3.5125,151.34765625,156.66015625
46.09375,36.71875,9.375,24.114990234375,3.6049382716049383,151.34765625,156.66015625
47.65625,39.00390625,8.652343750000002,25.20688247680664,3.707317073170732,153.6328125,157.3828125
47.65625,38.3203125,9.335937500000002,26.50732946395874,3.8313253012048194,154.31640625,158.06640625
47.65625,37.705078125,9.951171875,27.87262749671936,3.964285714285714,154.931640625,158.681640625
47.65625,39.6875,7.968750000000002,29.374971628189087,4.117647058823529,156.9140625,160.6640625
48.046875,39.8828125,8.164062500000002,31.108871698379517,4.27906976744186,157.109375,160.859375
48.046875,39.8828125,8.164062500000002,32.83939480781555,4.459770114942529,157.109375,160.859375
48.2421875,38.61328125,9.628906250000002,34.637495279312134,4.636363636363637,158.37890625,162.32421875
50.0,40.3125,9.687500000000002,36.8182578086853,4.820224719101123,160.078125,162.3828125
50.0,40.859375,9.140625000000002,38.801461696624756,4.988888888888889,160.625,162.9296875
50.0,41.474609375,8.525390625,40.448267221450806,5.142857142857143,161.240234375,163.544921875
50.0,41.54296875,8.45703125,42.06489706039427,5.271739130434782,161.30859375,163.61328125
54.4921875,44.3359375,10.15625,43.76350545883179,5.387096774193549,164.1015625,165.3125
58.59375,46.38671875,12.20703125,45.19457292556763,5.4787234042553195,166.15234375,167.36328125
58.59375,46.66015625,11.93359375,46.351253032684326,5.5473684210526315,166.42578125,167.63671875
58.59375,46.5234375,12.0703125,47.17440152168274,5.583333333333333,166.5625,167.7734375
58.59375,46.5234375,12.0703125,47.84638786315918,5.597938144329897,166.5625,167.7734375
58.59375,46.591796875,12.001953125,48.216447830200195,5.581632653061224,166.630859375,167.841796875
58.59375,47.34375,11.25,48.31207585334778,5.5353535353535355,167.3828125,168.59375
58.59375,48.7109375,9.8828125,48.60714387893677,5.51,168.75,169.9609375
51.5625,45.7421875,5.8203125,49.18826198577881,5.514851485148515,171.71875,174.0234375
51.5625,44.375,7.1875,49.979533195495605,5.53921568627451,173.0859375,175.390625
61.328125,45.9765625,15.351562500000002,50.91876411437988,5.58252427184466,174.6875,183.5546875
72.4609375,41.8359375,30.625,52.18890380859375,5.644230769230769,178.828125,198.828125
74.21875,36.8359375,37.3828125,53.69191551208496,5.723809523809524,183.828125,205.5859375
74.21875,35.46875,38.75,55.184566497802734,5.80188679245283,185.1953125,206.953125
74.21875,34.1015625,40.1171875,56.561930418014526,5.869158878504672,186.5625,208.3203125
74.21875,26.03515625,48.18359375,57.33398747444153,5.879629629629629,194.62890625,216.38671875
74.21875,26.9921875,47.2265625,57.44554352760315,5.8348623853211015,195.5859375,217.34375
69.53125,26.015625,43.515625,57.93506336212158,5.827272727272727,196.5625,221.0546875
77.34375,26.640625,50.703125,58.89056706428528,5.8558558558558556,197.1875,228.2421875
74.609375,20.3515625,54.2578125,60.01966977119446,5.910714285714286,203.4765625,231.796875
88.28125,39.35546875,48.92578125,61.75967240333557,5.991150442477876,222.48046875,237.12890625
96.875,40.09765625,56.77734375,63.67420029640198,6.078947368421052,223.22265625,244.98046875
96.09375,33.828125,62.265625,65.31263995170593,6.173913043478261,229.4921875,250.46875
99.609375,42.626953125,56.982421875,66.7704079151153,6.267241379310344,238.291015625,255.751953125
99.609375,54.31640625,45.29296875,68.12321686744696,6.316239316239317,249.98046875,267.44140625
99.609375,53.49609375,46.11328125,68.91817688941958,6.330508474576271,250.80078125,268.26171875
94.53125,54.51171875,40.01953125,69.33038449287419,6.310924369747899,251.81640625,274.35546875
93.1640625,54.23828125,38.92578125,69.39207863807681,6.266666666666667,252.08984375,275.44921875
