Tall viser til kolonnenummer:
0=Tid, 1=Lys
0,28
0.04884600639343262,27
0.08708500862121582,28
0.1254229545593262,27
0.1608481407165527,27
0.1955201625823975,28
0.22707200050354,27
0.2626979351043701,27
0.2929160594940186,28
0.3240740299224854,28
0.3539681434631348,28
0.383173942565918,28
0.4133279323577881,28
0.4541139602661133,28
0.4854819774627686,28
0.5211660861968994,28
0.5558280944824219,28
0.5896279811859131,30
0.6268861293792725,28
0.6652419567108154,28
0.6957731246948242,28
0.7280480861663818,27
0.7685840129852295,28
0.7997989654541016,28
0.8364670276641846,28
0.8732790946960449,28
0.9088039398193359,28
0.9467411041259766,27
0.9808249473571777,28
1.013911962509155,28
1.04590106010437,28
1.084846019744873,29
1.12479305267334,28
1.166649103164673,29
1.202755928039551,28
1.241026163101196,29
1.284090995788574,29
1.321202993392944,30
1.360718011856079,29
1.397148132324219,29
1.436617136001587,29
1.475563049316406,28
1.510766983032227,28
1.553849935531616,28
1.591232061386108,28
1.634618043899536,28
1.674101114273071,27
1.707046031951904,28
1.745541095733643,28
1.779137134552002,28
1.813522100448608,28
1.85266900062561,28
1.892673969268799,27
1.929954051971436,28
1.97072696685791,27
2.006716012954712,28
2.050832033157349,27
2.094686985015869,28
2.129073143005371,28
2.165621042251587,28
2.203516006469727,28
2.246472120285034,28
2.285382986068726,28
2.331261157989502,28
2.375824928283691,28
2.419312000274658,28
2.467061996459961,28
2.505079984664917,28
2.543087959289551,28
2.586593151092529,28
2.626078128814697,27
2.667479038238525,27
2.709391117095947,27
2.746034145355225,27
2.789374113082886,27
2.837031126022339,27
2.879354953765869,27
2.918380975723267,27
2.95810604095459,27
2.997070074081421,27
3.03712010383606,28
3.079720020294189,28
3.123507022857666,28
3.166556119918823,28
3.210103988647461,28
3.249876976013184,28
3.297414064407349,27
3.343048095703125,27
3.384629011154175,27
3.428091049194336,27
3.473849058151245,26
3.519680976867676,26
3.55860710144043,26
3.601144075393677,26
3.649799108505249,27
3.693356037139893,27
3.735064029693604,28
3.780432939529419,27
3.829185962677002,28
3.872772932052612,27
3.918452024459839,28
3.958471059799194,28
4.006727933883667,28
4.059711933135986,28
4.108647108078003,27
4.150753021240234,27
4.192885160446167,27
4.238095045089722,27
4.292327165603638,27
4.337463140487671,27
4.387055158615112,27
4.433369159698486,27
4.486704111099243,26
4.535616159439087,26
4.579661130905151,27
4.624972105026245,27
4.664098978042603,27
4.705053091049194,28
4.758604049682617,28
4.812786102294922,28
4.858611106872559,28
4.900036096572876,28
4.949571132659912,28
4.988029956817627,28
5.029220104217529,28
5.083923101425171,28
5.131266117095947,29
5.184785127639771,30
5.235620021820068,29
5.298020124435425,29
5.346811056137085,28
5.390861034393311,28
5.433221101760864,28
5.487240076065063,28
5.542571067810059,27
5.589017152786255,27
5.637051105499268,27
5.693868160247803,28
5.743519067764282,29
5.797325134277344,29
5.843670129776001,29
5.898045063018799,30
5.948071002960205,29
6.006520986557007,30
6.058409929275513,30
6.106614112854004,30
6.158020973205566,29
6.210919141769409,30
6.264642953872681,29
6.314072132110596,29
6.369704961776733,28
6.41729998588562,28
6.475028038024902,28
6.528121948242188,28
6.576689004898071,28
6.631021022796631,29
6.683612108230591,29
6.736642122268677,28
6.785300016403198,29
6.835472106933594,29
6.890069961547852,30
6.944640159606934,30
7.002840042114258,30
7.054681062698364,30
7.103600025177002,30
7.155426979064941,30
7.203264951705933,30
7.262743949890137,30
7.310799121856689,29
7.365092992782593,30
7.416803121566772,29
7.473169088363647,28
7.529444932937622,29
7.590512990951538,29
7.649848937988281,29
7.705012083053589,29
7.763574123382568,30
7.813213109970093,30
7.862945079803467,30
7.92853307723999,32
7.985875129699707,32
8.037074089050293,32
8.103366136550903,31
8.160524129867554,30
8.216516017913818,30
8.275552034378052,30
8.335823059082031,28
8.393692970275879,28
8.459243059158325,28
8.514037132263184,28
8.565937995910645,28
8.619964122772217,28
8.67868709564209,29
8.7428879737854,30
8.797230958938599,30
8.846651077270508,30
8.907026052474976,30
8.958883047103882,30
9.018821954727173,30
9.079224109649658,30
9.136693000793457,30
9.192750930786133,30
9.249902009963989,31
9.313832998275757,30
9.367538928985596,29
9.422619104385376,30
9.484833955764771,29
9.549275159835815,30
9.616929054260254,30
9.682657957077026,30
9.7411789894104,30
9.794603109359741,30
9.861058950424194,30
9.936107158660889,29
9.994881153106689,29
10.06123113632202,29
10.12521600723267,28
10.18974995613098,30
10.25653195381165,29
10.31725716590881,30
10.37588596343994,30
10.43773698806763,30
10.51113605499268,31
10.57606816291809,31
10.64522194862366,31
10.70745706558228,30
10.76475405693054,29
10.82850003242493,28
10.89116811752319,28
10.95398306846619,27
11.01857209205628,28
11.07725095748901,28
11.14273905754089,29
11.20917201042175,30
11.28343605995178,31
11.33981704711914,32
11.39858293533325,33
11.46695709228516,32
11.5209059715271,32
11.57717299461365,31
11.64357209205628,31
11.71539402008057,31
11.7737340927124,30
11.83482694625855,30
11.89254713058472,30
11.94949293136597,30
12.01929712295532,30
12.09611916542053,31
12.16488814353943,31
12.23354005813599,31
12.30085206031799,32
12.35674905776978,32
12.42397809028626,32
12.50471901893616,33
12.57106995582581,32
12.6327531337738,33
12.69255399703979,32
12.78115200996399,32
12.84472298622132,32
12.95583605766296,33
13.04846596717835,32
13.13733196258545,32
13.2278470993042,30
13.29676508903503,29
13.37726497650147,29
13.44899201393128,29
13.53003907203674,29
13.62084412574768,29
13.69937515258789,30
13.77005910873413,30
13.83387613296509,30
13.89961409568787,30
13.98930907249451,29
14.05570602416992,29
14.12693905830383,28
14.18296504020691,28
14.24283599853516,28
14.3092520236969,27
14.3825249671936,27
14.46117997169495,28
14.52655911445618,28
14.58540105819702,28
14.64557909965515,28
14.71311497688293,28
14.77357316017151,28
14.8331310749054,28
14.89761900901795,28
14.95472311973572,28
15.01117515563965,28
15.07932615280152,27
15.14057016372681,27
15.21978497505188,25
15.30116105079651,25
15.3590190410614,25
15.41707110404968,25
15.49736595153809,24
15.56952905654907,24
15.64448308944702,24
15.71273112297058,25
15.76892399787903,25
15.84279298782349,26
15.91538095474243,25
15.98550009727478,25
16.05338311195374,26
16.12101697921753,26
16.18531513214111,26
16.26107406616211,27
16.33257913589478,27
16.39271903038025,27
16.45061492919922,27
16.52536511421204,27
16.58698010444641,27
16.66123199462891,27
16.73472809791565,27
16.8165180683136,27
16.8847279548645,27
16.94972705841065,27
17.0140130519867,27
17.08382916450501,27
17.15584802627563,27
17.22699499130249,27
17.30806112289429,27
17.37472701072693,27
17.44012713432312,27
17.50542807579041,28
17.57977294921875,27
17.65301203727722,28
17.73176097869873,28
17.81400394439697,28
17.895259141922,28
17.96670603752136,28
18.02879309654236,28
18.10266613960266,28
18.17845416069031,28
18.2438280582428,28
18.31092214584351,28
18.38588500022888,29
18.45595502853394,28
18.52755403518677,28
18.59650707244873,28
18.67235994338989,29
18.75335216522217,30
18.82674598693848,30
18.91348505020142,31
18.99676012992859,31
19.07073903083801,29
19.14642310142517,28
19.21922492980957,27
19.29387807846069,27
19.37078309059143,27
19.44684195518494,27
19.51982402801514,28
19.58883810043335,29
19.67296504974365,29
19.76110696792603,29
19.83778810501099,28
19.90903997421265,28
19.98123693466187,28
20.04940915107727,28
20.13841509819031,29
20.21951103210449,30
20.2947051525116,33
20.36308097839356,36
20.43521499633789,37
20.53124094009399,39
20.63344407081604,53
20.71506094932556,58
20.79541516304016,64
20.86723303794861,69
20.97099494934082,77
