Tall viser til kolonnenummer:
0=Tid, 1=Lys, 2=joyForward, 3=joySide
0,35,0,0
0.08290600776672363,34,0,0
0.1597800254821777,34,0,0
0.2323179244995117,34,0,0
0.3132030963897705,34,0,0
0.3754498958587646,34,0,0
0.4407060146331787,34,0,0
0.5042080879211426,34,0,0
0.5653359889984131,34,0,0
0.6361410617828369,34,0,0
0.6923360824584961,34,0,0
0.7517569065093994,34,0,0
0.809269905090332,34,0,0
0.869783878326416,34,0,0
0.9327900409698486,34,0,0
0.9979410171508789,34,0,0
1.057445049285889,34,0,0
1.12294602394104,34,0,0
1.172868013381958,34,0,0
1.235142946243286,34,0,0
1.298933982849121,34,0,0
1.363097906112671,34,0,0
1.427084922790527,34,0,0
1.485008001327515,34,0,0
1.548294067382813,34,5.859375,0
1.607457876205444,34,18.75,0
1.674257040023804,34,22.65625,-1.171875
1.741167068481445,34,25.0,-1.3671875
1.821010112762451,34,28.90625,-3.125
1.89395809173584,34,28.90625,-3.125
1.963084936141968,34,30.46875,-4.6875
2.026272058486938,34,30.859375,-5.46875
2.096376895904541,34,31.0546875,-5.2734375
2.168965101242065,34,31.0546875,-5.2734375
2.243875980377197,34,31.0546875,-5.2734375
2.323433876037598,34,31.0546875,-1.171875
2.400964975357056,35,31.0546875,1.7578125
2.478305101394653,35,31.0546875,8.984375
2.54994797706604,35,31.0546875,15.625
2.629367113113403,35,25.0,7.8125
2.704833030700684,34,25.0,3.90625
2.785027980804443,34,22.65625,1.5625
2.852953910827637,34,22.65625,0.0
2.928817987442017,34,23.2421875,-0.390625
3.004385948181152,34,28.7109375,-0.390625
3.073915004730225,34,32.8125,-0.390625
3.152750968933105,34,32.8125,-0.390625
3.224925994873047,34,32.8125,-0.390625
3.297172069549561,34,32.8125,-0.390625
3.383586883544922,35,32.8125,-0.390625
3.463197946548462,35,32.8125,-0.390625
3.537193059921265,35,32.8125,-0.390625
3.623094081878662,35,32.8125,-0.390625
3.69582200050354,35,34.375,-0.390625
3.782408952713013,35,34.375,-0.390625
3.878206968307495,36,34.375,-0.390625
3.965519905090332,35,34.375,-0.390625
4.043620109558105,35,34.375,-0.390625
4.120418071746826,35,34.375,-0.390625
4.189253091812134,35,35.546875,-0.390625
4.268340110778809,35,36.71875,-0.390625
4.337922096252441,35,36.71875,-0.390625
4.410438060760498,35,38.8671875,-0.390625
4.490736961364746,34,38.8671875,-7.03125
4.583834886550903,34,38.8671875,-8.59375
4.668946027755737,34,38.8671875,-12.5
4.763154983520508,33,41.796875,-13.28125
4.834811925888062,33,42.96875,-13.0859375
4.908942937850952,33,42.96875,-13.0859375
5.012346982955933,34,42.96875,-13.0859375
5.107158899307251,33,42.96875,-11.328125
5.193758010864258,33,42.96875,-7.421875
5.277594089508057,33,42.578125,-4.6875
5.367731094360352,32,41.015625,-4.6875
5.467945098876953,32,41.2109375,-4.6875
5.554045915603638,32,42.96875,-4.6875
5.629560947418213,32,42.96875,-4.6875
5.715044975280762,31,42.96875,-4.6875
5.794413089752197,30,40.625,-4.6875
5.893908977508545,29,42.96875,-1.3671875
5.985399961471558,28,42.96875,-1.3671875
6.06495189666748,28,39.453125,0.0
6.146903038024902,28,39.453125,0.0
6.232733964920044,28,39.453125,1.5625
6.304038047790527,28,38.8671875,1.5625
6.403436899185181,27,37.109375,7.8125
6.491008043289185,27,37.109375,9.9609375
6.575680017471313,27,34.375,13.28125
6.65788197517395,27,34.375,13.28125
6.738919019699097,27,34.765625,13.28125
6.822367906570435,27,34.765625,13.28125
6.913373947143555,27,34.765625,13.28125
6.985038042068481,27,34.765625,13.28125
7.088012933731079,26,34.765625,13.28125
7.193907022476196,26,34.765625,15.625
7.279891014099121,27,34.765625,15.625
7.375109910964966,26,34.765625,15.234375
7.473226070404053,25,34.9609375,15.0390625
7.563827037811279,25,34.9609375,17.1875
7.652981042861938,26,33.203125,17.1875
7.743815898895264,26,33.203125,17.1875
7.837708950042725,27,33.203125,17.1875
7.924769878387451,27,33.203125,17.1875
8.012964010238647,27,30.46875,19.53125
8.103355884552002,27,30.46875,21.875
8.193936109542847,27,28.90625,23.4375
8.28331995010376,27,28.90625,23.4375
8.378448963165283,28,28.90625,25.390625
8.462929010391235,28,28.90625,25.1953125
8.55778694152832,29,28.90625,25.1953125
8.645534992218018,29,28.90625,25.1953125
8.733043909072876,30,28.90625,25.1953125
8.819091081619263,29,28.90625,25.1953125
8.907321929931641,29,28.90625,23.046875
8.995182037353516,29,28.90625,21.875
9.09296989440918,30,28.90625,19.53125
9.195730924606323,30,28.90625,21.875
9.287306070327759,30,28.90625,23.4375
9.384097099304199,30,28.90625,23.4375
9.475457906723022,30,28.90625,23.4375
9.553591012954712,30,28.90625,23.4375
9.639550924301147,30,28.90625,23.4375
9.725054025650024,30,28.90625,23.4375
9.813966035842896,30,25.0,25.78125
9.932945966720581,31,25.0,25.9765625
10.02964305877686,30,25.0,25.9765625
10.13114595413208,30,25.0,25.9765625
10.23489189147949,29,25.0,25.9765625
10.3181369304657,28,25.0,25.9765625
10.4483540058136,27,25.0,25.9765625
10.53513789176941,26,25.0,25.9765625
10.6381049156189,25,25.0,24.0234375
10.73872494697571,24,25.0,19.53125
10.82930207252502,23,25.0,19.53125
10.93597793579102,22,25.0,19.53125
11.0335578918457,21,28.90625,19.140625
11.13096499443054,20,30.859375,19.140625
11.24559187889099,19,30.859375,17.1875
11.34084796905518,17,30.859375,19.53125
11.4556679725647,16,31.0546875,20.703125
11.55354499816895,16,32.6171875,15.625
11.64270496368408,16,30.46875,15.625
11.72809910774231,16,30.46875,20.703125
11.82177090644837,16,30.46875,25.78125
11.93395590782166,17,31.0546875,25.390625
12.02440690994263,16,31.0546875,23.4375
12.11531090736389,16,31.0546875,25.78125
12.22077989578247,17,31.0546875,25.78125
12.32731604576111,17,31.0546875,25.78125
12.4308180809021,18,31.0546875,25.78125
12.52322888374329,19,31.4453125,25.78125
12.62607789039612,21,28.90625,25.78125
12.74001693725586,22,26.5625,29.6875
12.82972407341004,23,28.90625,27.9296875
12.94408392906189,24,28.7109375,27.5390625
13.04963088035584,25,28.90625,27.5390625
13.13780999183655,25,28.90625,29.6875
13.23920702934265,26,28.90625,29.6875
13.33547806739807,27,28.90625,29.6875
13.43343710899353,27,28.90625,29.6875
13.53715395927429,27,28.90625,29.6875
13.65327501296997,28,26.5625,29.6875
13.76550698280335,28,26.5625,29.6875
13.87079691886902,28,26.953125,29.1015625
13.98444390296936,29,26.953125,29.1015625
14.10890293121338,30,26.5625,29.1015625
14.21491098403931,29,26.5625,29.1015625
14.32711005210876,29,26.5625,29.1015625
14.44087100028992,29,26.5625,29.1015625
14.5562059879303,30,26.5625,29.1015625
14.68512511253357,30,26.5625,29.1015625
14.77689790725708,30,26.5625,28.7109375
14.87417602539063,30,26.5625,25.78125
14.97505688667298,30,26.5625,23.4375
15.10491108894348,29,26.5625,23.4375
15.20100808143616,29,26.5625,13.28125
15.30894303321839,28,26.5625,2.1484375
15.43331408500672,28,26.5625,0.1953125
15.54490995407105,27,30.46875,-0.9765625
15.66692590713501,27,30.859375,-3.125
15.77422404289246,28,30.859375,-4.6875
15.89783191680908,29,31.0546875,-10.9375
15.99719405174255,29,31.0546875,-18.75
16.1071879863739,30,31.640625,-22.65625
16.21798491477966,30,34.375,-25.0
16.33326888084412,29,36.71875,-28.90625
16.44005107879639,29,36.71875,-28.90625
16.55562090873718,28,39.0625,-30.46875
16.6628680229187,28,40.625,-32.8125
16.78924703598023,28,41.2109375,-34.375
16.88774800300598,27,41.2109375,-34.375
16.99408388137817,26,41.2109375,-34.375
17.11234188079834,25,36.71875,-26.953125
17.2168619632721,25,34.765625,-25.0
17.33097910881042,25,35.3515625,-25.0
17.44309401512146,26,34.9609375,-23.046875
17.56492400169373,27,34.9609375,-23.2421875
17.68330597877503,28,32.8125,-6.4453125
17.80737495422363,29,25.0,8.59375
17.93481206893921,30,22.65625,13.28125
18.0531370639801,29,22.65625,16.796875
18.16718006134033,28,22.65625,16.796875
18.28824090957642,27,22.65625,15.625
18.39549994468689,26,22.65625,13.28125
18.51346707344055,26,22.65625,13.28125
18.61808300018311,25,27.734375,13.28125
18.74910998344421,24,30.859375,9.375
18.88096308708191,23,30.46875,7.8125
19.00345802307129,22,34.1796875,5.46875
19.13893103599548,21,34.1796875,0.0
19.29307293891907,21,34.1796875,-0.390625
19.43342590332031,23,36.71875,-0.390625
19.57306909561157,24,34.375,-0.390625
19.69842290878296,24,34.375,6.8359375
19.81813406944275,24,34.375,11.71875
19.96045303344727,25,34.9609375,11.1328125
20.09401798248291,25,34.375,11.1328125
20.22870087623596,25,34.375,11.1328125
20.33515000343323,25,34.765625,11.1328125
20.45038604736328,26,34.765625,11.1328125
20.5204029083252,28,34.765625,11.1328125
