Tallformatet viser til kolonnenummer:
0=Fart, 1=iir_Fart 
0, 0
0, 0
18.77444103757749, 0.007509776415013495
0.0, 0.005573089082469949
0.0, 0.005783793243926231
0.0, 0.006349657188020442
30.58332330733867, 0.6173082828759028
0.0, 0.6017066487973695
29.65419381294608, 1.167935419347962
15.11030733592959, 1.468645267017167
34.43359043088126, 2.328589313889884
0.0, 2.036157768563718
28.45399626203729, 2.417097138673562
29.44249337521717, 3.039896058715444
11.83571168557779, 2.631874602069238
29.84547511634196, 3.848870982610451
0.0, 3.68262782175118
13.29010507104019, 3.557844485844162
0.0, 4.489405274379745
27.40479581836002, 4.071052353530392
14.16391671112972, 4.407286840423787
-12.95890157015652, 3.692506066356824
16.23452819161083, 4.858035588275931
-14.5887819910818, 3.986474078338897
0.0, 3.823609920787786
28.64228083653436, 4.331216755817143
-13.64218688506461, 3.77051603414128
-12.89590859757166, 3.235051535954708
26.5823158655263, 3.799165542379778
0.0, 4.244821327235463
-14.67997592014448, 3.736380507871864
11.04339629596474, 2.975442202314295
0.0, 3.278199221909461
0.0, 3.754043543819639
-14.22839774207556, 3.323569594726939
0.0, 3.430776123231613
14.32524906844814, 3.500188557336994
0.0, 3.982328164338116
12.37717853833578, 3.151987963251132
-15.76835654805542, 3.619910726433139
0.0, 3.285678537717057
-25.14962763979997, 2.269466519936992
-31.11686153480919, 2.129445139237119
13.15926132762743, 2.028240261935644
-16.67808148366112, 2.18562333098002
-12.94146832131022, 1.403200623374833
-15.87020220365662, 1.368934440163223
-13.37401153002398, 0.8630650426489622
-14.17152587957441, 0.6128098953163628
0.0, 0.6497420179095514
-13.96025908149884, 0.3005635443245041
-15.46526651131235, 0.01700160889568883
0.0, 0.01467127564443009
-27.99506083845605, -0.5451225184367797
-29.30620458356624, -1.145364262564071
-21.58379840114447, -1.258357056773011
12.81262963675742, -1.207846113821464
-28.60214261846798, -1.893241077571483
0.0, -1.801596076767963
-44.76821267451293, -2.792672958183182
-14.18700869965229, -2.885627521446193
0.0, -3.347236887964922
-17.18385473853264, -3.700451696209363
-15.55381511807286, -3.593519011737742
14.87452611719313, -3.070355510749422
-28.25855308369154, -3.423363901992496
0.0, -3.407480634799945
-29.43557136941982, -4.013452699333046
16.80302544708673, -4.154382978727828
-15.72749975626767, -4.125250415791368
-15.14506286514866, -4.195931573174343
-29.61953589537167, -4.61336824747278
14.92379949332499, -4.257436249826337
-14.51547305107387, -4.34844004332308
0.0, -4.878796322358902
15.98238026467708, -4.278637588127026
-15.51756235802497, -4.381468564606122
15.00060441545158, -3.850780521791499
0.0, -4.23911227969089
-14.92603004918045, -3.978424448009207
0.0, -4.162273357198701
14.77871934096058, -3.487594736126891
0.0, -3.839227582415858
-16.8924903541769, -4.16640615087208
32.38919820536383, -3.266607009614716
-27.89860384060237, -3.315406787008212
15.08232468158249, -3.211358032393883
0.0, -3.124915513021158
-15.9941427699817, -3.59052901309645
0.0, -3.456570290223159
31.08676462413608, -2.729424622987291
-14.29819495815507, -2.74651770318964
15.78556669991156, -2.655868767728647
0.0, -2.798347686107294
0.0, -2.628491114820922
0.0, -2.686674279508369
0.0, -2.453132526593524
14.37197907065197, -1.898274693770037
0.0, -1.94407024363258
0.0, -2.095809036520537
16.45709263408184, -1.716708309308139
14.41960979802321, -1.185694340312742
-12.19706989106602, -1.226822141613333
12.8351745200164, -1.008481255165347
-15.48559360831746, -1.502106431168825
15.21792639034018, -1.142261263761943
15.66318745542066, -0.8389052653607523
-15.86419958545774, -1.149961847914007
27.34627960424443, -0.4243882928896673
12.5231889120783, -0.1304583028626462
0.0, -0.1518269980969561
-13.80586295201543, -0.4142423260809588
49.43800659282804, 0.5041899503180628
0.0, 0.4006275876399626
-14.51190727445723, 0.1361755400231507
13.65222231263732, 0.3985907811736913
0.0, 0.3928245881871974
0.0, 0.4055873333264508
29.55035843240863, 0.9970154412617928
0.0, 0.9342832325186087
10.92525572466392, 0.9265371198800384
14.12252099369011, 1.456183964567946
15.1765731798659, 1.837102195144236
-13.52303327314934, 1.333744047969188
27.81442478580334, 1.900490506511324
15.21075192387197, 2.341268262034613
0.0, 2.267674492275357
15.25550944398171, 2.560280580638167
16.24672784248711, 2.997035302343709
12.15729718292305, 2.440950462064891
0.0, 2.808321007025111
32.56965588467109, 3.791592749879111
14.94677423953018, 3.709388418068803
0.0, 4.18238178914702
0.0, 3.678508555919265
0.0, 3.568656444615238
29.68893293222439, 3.99178145950135
17.89035381432746, 5.072432230819517
-15.19323055523357, 3.917700847873592
15.97720537258398, 4.357002276148821
15.30879626250091, 4.397407741657887
0.0, 4.712361507845545
15.27161774932914, 4.5184462340615
0.0, 4.533725069765351
-16.45412284383839, 4.346448755491352
0.0, 3.34608108481245
33.95578943107531, 4.986323500347402
-14.91689961519038, 3.995061076472844
15.19989273146991, 4.293433418108981
0.0, 4.403480311224808
15.72272432497273, 4.579701233453188
-14.95775471630826, 3.970588836937729
-16.08208400113495, 3.862023417599329
0.0, 4.0497331281777
14.41356440100757, 3.612539991217017
0.0, 3.787243435559228
0.0, 4.374238601569872
0.0, 3.440158402715159
-32.11466723836942, 3.069800987451893
-44.78876909222286, 1.901342301366969
15.1600070842776, 2.195273271337441
-15.55548797448403, 1.896381031741049
14.23568982428988, 1.985487591354841
-32.32591781919916, 1.56268454531423
-16.47739335059262, 1.231675465822625
0.0, 1.098730959536451
-15.76663759660783, 0.8165436822504178
0.0, 0.8784252250841121
-29.85163517312552, 0.1453547416551101
-28.38160133980681, -0.4321991669058431
-30.73380620200481, -1.07333463212683
0.0, -1.0754338349307
-31.01057270025286, -1.660324951635877
-16.5316873790464, -2.065462307318673
0.0, -1.871006796885791
-31.53884734394328, -2.522981410787548
0.0, -2.402500013382131
-28.69361828760634, -2.778350023225031
0.0, -2.850583502195378
-18.34184909521852, -3.778191891939132
15.98365928387421, -2.906912365453481
-29.3409536867657, -3.201544149515046
0.0, -3.438300358053892
-30.37622801522323, -3.790778350012621
0.0, -3.594636939843722
0.0, -4.285953634907567
0.0, -3.381275668314554
0.0, -3.98960882764159
-14.85529708440767, -3.648583094250613
0.0, -3.624065973815579
0.0, -3.96213671216576
-27.38636526871821, -3.713104927305167
32.53151116299092, -3.671851235766171
-16.39238829244653, -3.95427647302242
-16.06372939518353, -4.118769959626238
15.25689675241532, -3.528520709563434
0.0, -3.800916537793334
-15.38601272904019, -3.725190187154745
0.0, -3.636931403579624
-15.69836178470775, -3.964269668572705
0.0, -3.785784565115743
29.89173760748023, -3.026949588822133
0.0, -3.148487561007843
0.0, -3.393057078839521
0.0, -3.00445604948202
-33.14869200980004, -3.7591433266432
35.56318281830939, -3.241029824763999
-13.47818709992545, -2.677084039932927
0.0, -3.034779159490762
-14.42233684065745, -3.039622329782135
16.97707006885051, -3.166950244794819
-15.60473837728436, -3.164827378473932
32.32529498354566, -2.565912552518357
-14.68820126349998, -2.578963106349427
15.29684821695588, -2.326176141785782
0.0, -2.297998456647428
-15.84861400804087, -2.631615613178169
31.83242513015893, -1.953334848516428
-29.84048521067891, -2.391290967639647
44.66285925226546, -1.445084016883828
-14.31043965417238, -1.647486969564233
16.86850836728374, -1.565774350546496
0.0, -1.434636068109215
0.0, -1.320081558718221
14.80495863101121, -0.9973159036125852
0.0, -1.035062643916104
-15.24580534473233, -1.291259337290604
0.0, -1.154102323627905
15.87152338931229, -0.9735922049154318
12.97337156396052, -0.5204298510419221
0.0, -0.5962105749348149
14.70004135620308, -0.272342842283316
0.0, -0.2630260839895277
16.56943528156912, 0.03656848455496383
0.0, 0.03633083590408185
15.51635684294249, 0.343215417234173
16.4671720840024, 0.6863055589342918
-14.63336891977699, 0.3050128508909722
13.70441260557743, 0.5540252605952944
0.0, 0.689878179552685
26.03589141945536, 1.026151008295297
-35.18342455698857, 0.6552800419727586
32.25804566097667, 1.233940791961481
30.638168563456, 1.761300782716559
14.49505634829849, 1.923128710926976
0.0, 1.972499884200099
34.87914180578366, 2.919748281426362
15.69166651078397, 2.888403670910212
0.0, 2.85954179449798
15.14003335330681, 2.979304082498839
15.69219487739725, 3.340044883185647
30.04268273029084, 3.734163918854181
0.0, 3.876193659150268
0.0, 3.531065762609432
29.8209663027597, 4.085046874770351
0.0, 4.344246152221139
-18.7083686450128, 4.54841960370631
31.95246329999162, 4.445542203831358
