Tallformatet viser til kolonnenummer:
0=Ts, 1=PowerA, 
2=PowerB, 3=PowerC, 4=PowerD 
41,41,41
36,38.5,40.99500000000001
41,39.33333333333333,40.995005
39,39.25,40.993009995
39,39.2,40.991016985005
37,38.83333333333333,40.98702596802
36,38.42857142857143,40.98203894205198
42,38.875,40.98305690310993
37,38.66666666666667,40.97907384620682
40,38.80000000000001,40.97809477236061
37,38.63636363636364,40.97411667758824
35,38.33333333333333,40.96814256091065
41,38.53846153846154,40.96817441834974
39,38.57142857142857,40.96620624393139
38,38.53333333333333,40.96324003768745
37,38.4375,40.95927679764976
37,38.35294117647059,40.9553175208521
40,38.44444444444445,40.95436220333125
39,38.47368421052632,40.95240784112792
38,38.45000000000001,40.9494554332868
39,38.47619047619048,40.94750597785351
37,38.40909090909092,40.94355847187566
42,38.56521739130434,40.94461491340378
38,38.54166666666666,40.94167029849038
39,38.56,40.93972862819188
40,38.61538461538462,40.9387888995637
35,38.48148148148148,40.93285011066413
33,38.28571428571429,40.92491726055346
38,38.27586206896552,40.92199234329291
38,38.26666666666667,40.91907035094962
43,38.41935483870968,40.92115128059866
37,38.375,40.91723012931806
37,38.33333333333334,40.91331289918874
42,38.44117647058823,40.91439958628956
39,38.45714285714286,40.91248518670326
38,38.44444444444445,40.90957270151656
41,38.51351351351352,40.90966312881505
39,38.52631578947369,40.90775346568623
38,38.51282051282051,40.90484571222054
38,38.5,40.90194086650832
40,38.53658536585366,40.9010389256418
38,38.52380952380952,40.89813788671615
38,38.51162790697675,40.89523974882944
36,38.45454545454546,40.89034450908062
39,38.46666666666667,40.88845416457153
37,38.43478260869565,40.88456571040696
40,38.46808510638298,40.88368114469655
37,38.4375,40.87979746355185
39,38.44897959183673,40.8779176660883
41,38.5,40.87803974842221
39,38.50980392156863,40.87616170867379
39,38.51923076923077,40.87428554696512
38,38.50943396226415,40.87141126141815
42,38.57407407407407,40.87253985015674
40,38.6,40.87166731030658
38,38.58928571428572,40.86879564299627
38,38.57894736842105,40.86592684735328
38,38.56896551724138,40.86306092050592
42,38.6271186440678,40.86419785958541
40,38.65,40.86333366172583
33,38.55737704918033,40.8554703280641
35,38.5,40.84961485773603
40,38.52380952380952,40.8487652428783
34,38.453125,40.84191647763542
39,38.46153846153847,40.8400745611578
35,38.40909090909092,40.83423448659663
39,38.41791044776119,40.83240025211004
39,38.4264705882353,40.83056785185793
37,38.40579710144928,40.82673728400607
41,38.44285714285714,40.82691054672206
43,38.50704225352113,40.82908363617534
42,38.55555555555555,40.83025455253916
37,38.53424657534246,40.82642429798663
42,38.58108108108108,40.82759787368864
40,38.6,40.82677027581496
38,38.56,40.82394350553914
41,38.62666666666668,40.8241195620336
40,38.61333333333334,40.82329544247156
38,38.6,40.82047214702909
39,38.6,40.81865167488206
38,38.61333333333334,40.81583302320717
35,38.6,40.81001719018396
37,38.53333333333334,40.80620717299378
41,38.58666666666667,40.80640096582078
38,38.56,40.80359456485495
34,38.52,40.7967909702901
39,38.57333333333334,40.79499417931981
40,38.56,40.79419918514049
37,38.53333333333334,40.79040498595535
38,38.53333333333334,40.78761458096938
40,38.57333333333334,40.78682696638841
40,38.61333333333334,40.78604013942202
37,38.57333333333334,40.7822540992826
42,38.61333333333334,40.78347184518331
41,38.65333333333334,40.78368837333813
40,38.66666666666667,40.78290468496479
41,38.72000000000001,40.78312178027982
38,38.66666666666667,40.78033865849954
34,38.61333333333334,40.77355831984104
39,38.61333333333334,40.77178476152119
40,38.61333333333334,40.77101297675967
45,38.74666666666667,40.77524196378291
38,38.81333333333334,40.77246672181913
40,38.84,40.7716942550973
42,38.89333333333334,40.7729225608422
39,38.84,40.77114963828136
36,38.82666666666667,40.76637848864308
38,38.84,40.76361211015445
41,38.82666666666667,40.76384849804429
40,38.84,40.76308464954624
37,38.82666666666667,40.75932156489669
37,38.77333333333334,40.75556224333179
38,38.76000000000001,40.75280668108845
38,38.76000000000001,40.75005387440735
38,38.76000000000001,40.74730382053295
37,38.72000000000001,40.74355651671242
37,38.70666666666667,40.7398129601957
41,38.74666666666667,40.74007314723551
40,38.80000000000001,40.73933307408828
38,38.78666666666667,40.73659374101418
35,38.76000000000001,40.73085714727316
41,38.77333333333334,40.73112629012589
33,38.72000000000001,40.72339516383576
38,38.70666666666667,40.72067176867193
37,38.65333333333334,40.71695109690324
42,38.69333333333334,40.71823414580634
43,38.74666666666667,40.72051591166054
35,38.70666666666667,40.71479539574887
39,38.66666666666667,40.71308060035313
43,38.70666666666667,40.71536751975277
39,38.72000000000001,40.71365215223302
37,38.70666666666667,40.70993850008079
41,38.74666666666667,40.7102285615807
37,38.68,40.70651833301912
40,38.68,40.70581181468611
43,38.81333333333334,40.70810600287142
35,38.81333333333334,40.70239789686854
38,38.78666666666667,40.69969549897166
38,38.84,40.69699580347269
43,38.89333333333334,40.69929880766922
38,38.93333333333334,40.69659950886154
35,38.88,40.69090290935268
39,38.88,40.68921200644333
36,38.86666666666667,40.68452279443689
36,38.80000000000001,40.67983827164245
46,38.84,40.68515843337081
38,38.78666666666667,40.68247327493744
40,38.82666666666667,40.6817908016625
39,38.78666666666667,40.68010901086084
40,38.78666666666667,40.67942890184997
42,38.84,40.68074947294813
41,38.84,40.68106872347517
37,38.80000000000001,40.6773876547517
39,38.81333333333334,40.67571026709695
39,38.81333333333334,40.67403455682985
38,38.81333333333334,40.67136052227302
38,38.85333333333334,40.66868916175074
35,38.82666666666667,40.66302047258899
37,38.77333333333334,40.6593574521164
39,38.78666666666667,40.65769809466429
40,38.86666666666667,40.65704039656963
38,38.85333333333334,40.65438335617306
36,38.80000000000001,40.64972897281689
39,38.82666666666667,40.64807924384407
40,38.85333333333334,40.64743116460023
39,38.84,40.64578373343563
40,38.84,40.64513794970219
38,38.85333333333334,40.64249281175249
38,38.80000000000001,40.63985031894073
35,38.72000000000001,40.63421046862178
39,38.70666666666667,40.63257625815316
39,38.68,40.63094368189501
36,38.65333333333334,40.62631273821311
37,38.69333333333334,40.62268642547489
41,38.72000000000001,40.62306373904942
40,38.72000000000001,40.62244067531037
35,38.58666666666667,40.61681823463505
41,38.62666666666668,40.61720141640042
39,38.61333333333334,40.61558421498402
37,38.54666666666667,40.61196863076904
38,38.53333333333334,40.60935666213826
35,38.52,40.60374730547612
40,38.54666666666667,40.60314355817065
37,38.49333333333334,40.59954041461247
41,38.50666666666667,40.59994087419786
37,38.50666666666667,40.59634093332366
40,38.54666666666667,40.59574459239033
39,38.56,40.59414884779795
35,38.52,40.58855469895015
38,38.52,40.58596614425119
38,38.53333333333334,40.58338017810694
37,38.53333333333334,40.57979679792884
40,38.52,40.57921700113091
42,38.54666666666667,40.58063778412978
37,38.53333333333334,40.57705714634564
39,38.58666666666667,40.5754800891993
40,38.57333333333334,40.5749046091101
41,38.68,40.57532970450099
38,38.68,40.57275437479649
41,38.73333333333333,40.57318162042168
39,38.69333333333334,40.57160843880125
40,38.65333333333334,40.57103683036245
35,38.65333333333334,40.56546579353209
38,38.64,40.56290032773854
37,38.56,40.55933742741082
38,38.54666666666667,40.5567780899834
36,38.53333333333334,40.55222131189342
40,38.52,40.55166909058152
39,38.54666666666667,40.55011742149094
37,38.50666666666667,40.54656730406945
33,38.37333333333333,40.53902073676539
36,38.38666666666667,40.53448171602862
38,38.38666666666667,40.53194723431258
39,38.40000000000001,40.53041528707827
38,38.33333333333334,40.52788487179119
40,38.36,40.52735698691939
40,38.42666666666667,40.52682962993248
37,38.40000000000001,40.52330280030254
40,38.45333333333333,40.52277949750223
37,38.46666666666667,40.51925671800474
40,38.38666666666667,40.51873746128673
42,38.44000000000001,40.52021872382545
40,38.44000000000001,40.51969850510162
42,38.48000000000001,40.52117880659652
38,38.45333333333333,40.51865762778991
38,38.40000000000001,40.51613897016212
40,38.38666666666667,40.51562283119195
37,38.38666666666667,40.51210720836076
38,38.37333333333333,40.5095951011524
39,38.37333333333333,40.50808550605125
37,38.36,40.5045774205452
38,38.36,40.50207284312465
37,38.38666666666667,40.49857077028153
39,38.41333333333333,40.49707219951125
40,38.42666666666667,40.49657512731173
38,38.40000000000001,40.49407855218441
35,38.36,40.48858447363222
42,38.44000000000001,40.49009588915859
38,38.42666666666667,40.48760579326943
35,38.36,40.48211818747616
40,38.37333333333333,40.48163606928868
42,38.40000000000001,40.48315443321939
39,38.41333333333333,40.48167127878617
37,38.40000000000001,40.47818960750739
36,38.41333333333333,40.47371141789989
44,38.48000000000001,40.47723770648198
41,38.50666666666667,40.4777604687755
38,38.53333333333334,40.47528270830671
38,38.54666666666667,40.47280742559841
37,38.49333333333334,40.46933461817281
34,38.41333333333333,40.46286528355463
39,38.46666666666667,40.46140241827108
39,38.44000000000001,40.45994101585281
34,38.37333333333333,40.45348107483695
37,38.37333333333333,40.45002759376212
40,38.40000000000001,40.44957756616835
40,38.46666666666667,40.44912798860218
38,38.44000000000001,40.44667886061357
41,38.49333333333334,40.44723218175296
38,38.45333333333333,40.4447849495712
38,38.46666666666667,40.44234016462163
42,38.49333333333334,40.44389782445701
38,38.48000000000001,40.44145392663254
41,38.56,40.44201247270591
37,38.54666666666667,40.4385704602332
37,38.53333333333334,40.43513188977297
40,38.57333333333334,40.4346967578832
33,38.48000000000001,40.42726206112532
