Tall viser til kolonnenummer:
0=Tid, 1=Avstand
0,93
0.04129815101623535,93
0.06909799575805664,93
0.09709501266479492,93
0.1263041496276855,91
0.1531381607055664,91
0.1880731582641602,91
0.2181210517883301,91
0.2543661594390869,91
0.2901530265808105,91
0.3218090534210205,86
0.3563351631164551,86
0.3873209953308105,86
0.426285982131958,91
0.471060037612915,91
0.5013279914855957,91
0.5455551147460938,86
0.5785210132598877,86
0.6200189590454102,86
0.6552560329437256,93
0.6888720989227295,93
0.7216019630432129,93
0.7625241279602051,93
0.797044038772583,95
0.8491189479827881,95
0.8894531726837158,95
0.9291291236877441,95
0.9673850536346436,95
1.005244970321655,95
1.047055959701538,95
1.080471038818359,95
1.117066144943237,94
1.14838695526123,99
1.185127019882202,109
1.221671104431152,118
1.252084970474243,130
1.282125949859619,130
1.314253091812134,130
1.342262029647827,130
1.377033948898315,143
1.407356977462769,143
1.438016176223755,143
1.470932960510254,149
1.501999139785767,174
1.536939144134521,174
1.567825078964233,211
1.61004900932312,251
1.646146059036255,251
1.678572177886963,357
1.711359024047852,357
1.741676092147827,357
1.774389982223511,357
1.808088064193726,2550
1.839146137237549,2550
1.870577096939087,2550
1.906408071517944,2550
1.938040018081665,2550
1.971354007720947,2550
2.011707067489624,2550
2.052049160003662,2550
2.092895984649658,2550
2.130095958709717,2550
2.167468070983887,2550
2.226340055465698,2550
2.266977071762085,2550
2.314483165740967,2550
2.355625152587891,2550
2.398169994354248,2550
2.447846174240112,2550
2.491633176803589,2550
2.529335021972656,2550
2.571650981903076,2550
2.617522954940796,2550
2.662121057510376,2550
2.712841987609863,2550
2.760418176651001,2550
2.815670967102051,2550
2.859600067138672,2550
2.89423394203186,2550
2.934352159500122,2550
2.96782398223877,2550
3.003139019012451,2550
3.041234970092773,2550
3.07649302482605,2550
3.112020015716553,2550
3.152598142623901,2550
3.204195976257324,2550
3.25818395614624,2550
3.297942161560059,2550
3.338217973709106,2550
3.381543159484863,2550
3.42734694480896,2550
3.473243951797485,2550
3.519124984741211,2550
3.562155961990356,2550
3.60750412940979,2550
3.667067050933838,2550
3.717658996582031,2550
3.761713981628418,2550
3.813207149505615,2550
3.855085134506226,2550
3.891091108322144,2550
3.938589096069336,2550
3.98308801651001,2550
4.027439117431641,2550
4.067492008209229,2550
4.10639214515686,2550
4.145149946212769,2550
4.184545993804932,2550
4.222861051559448,2550
4.263643980026245,2550
4.301139116287231,2550
4.339313983917236,2550
4.37910795211792,2550
4.421348094940186,2550
4.461307048797607,2550
4.499037981033325,2550
4.537914037704468,2550
4.578544139862061,2550
4.617591142654419,2550
4.658039093017578,2550
4.696467161178589,2550
4.739304065704346,2550
4.784446954727173,2550
4.828444004058838,2550
4.869300127029419,2550
4.907989025115967,2550
4.961527109146118,2550
5.001868009567261,2550
5.049301147460938,2550
5.091338157653809,2550
5.131569147109985,2550
5.181282997131348,2550
5.240478992462158,2550
5.292145013809204,2550
5.34111213684082,2550
5.39452600479126,2550
5.441751956939697,2550
5.496396064758301,2550
5.548583984375,2550
5.607388973236084,2550
5.670958995819092,2550
5.729885101318359,2550
5.785012006759644,2550
5.838030099868774,2550
5.87998104095459,2550
5.924209117889404,2550
5.966042995452881,2550
6.008564949035645,2550
6.058231115341187,2550
6.102481126785278,2550
6.14972996711731,2550
6.19541597366333,2550
6.240609169006348,2550
6.281278133392334,2550
6.3264000415802,2550
6.3731689453125,2550
6.427219152450562,2550
6.470916032791138,2550
6.515666961669922,2550
6.561437129974365,2550
6.604920148849487,2550
6.649693965911865,2550
6.694324016571045,2472
6.739824056625366,2456
6.781836032867432,2453
6.835458040237427,2433
6.880980968475342,2404
6.926332950592041,2388
6.971615076065063,2390
7.018547058105469,2336
7.064176082611084,2327
7.109308958053589,2318
7.162021160125732,2296
7.21051812171936,2280
7.261856079101563,2251
7.309319972991943,2241
7.355961084365845,2227
7.40109395980835,2205
7.445929050445557,2192
7.49517297744751,2173
7.541095018386841,2167
7.588057994842529,2151
7.640074968338013,2124
7.687904119491577,2116
7.736268997192383,2095
7.78226113319397,2089
7.83002495765686,2072
7.877346038818359,2062
7.924543142318726,2043
7.976127147674561,2055
8.03058910369873,2041
8.077255964279175,2146
8.126865148544312,2124
8.173619031906128,2108
8.225332975387573,1980
8.272112131118774,1965
8.321714162826538,1936
8.368186950683594,1902
8.418550968170166,1884
8.471573114395142,1857
8.522833108901978,1839
8.569761037826538,1815
8.618587017059326,1805
8.667346954345703,1785
8.716356992721558,1771
8.769644021987915,1754
8.827250957489014,1730
8.87808895111084,1710
8.927909135818481,1700
8.982258081436157,1688
9.034397125244141,1672
9.080976963043213,1650
9.131515026092529,1648
9.18105411529541,1627
9.237400054931641,1611
9.287348031997681,1589
9.345042943954468,1763
9.395725011825562,1571
9.447486162185669,1539
9.497560024261475,1511
9.55119800567627,1495
9.601103067398071,1478
9.660312175750732,1458
9.709537982940674,1437
9.758960008621216,1422
9.812613010406494,1399
9.865157127380371,1380
9.927930116653442,1360
9.984536170959473,1345
10.03967094421387,1334
10.09440112113953,1322
10.14767813682556,1295
10.20168805122376,1280
10.25721001625061,1263
10.31013417243958,1237
10.36681914329529,1217
10.42170000076294,1203
10.47996497154236,1191
10.5330810546875,1171
10.58800411224365,1147
10.64049196243286,1135
10.69500517845154,1119
10.74844813346863,1098
10.80307912826538,1082
10.86127209663391,1060
10.91796112060547,1044
10.97122502326965,1022
11.02705311775207,1005
11.07932496070862,982
11.13257908821106,974
11.19718503952026,939
11.25636005401611,925
11.31142210960388,908
11.36536407470703,893
11.42308902740478,877
11.47781300544739,861
11.54618310928345,849
11.59859108924866,819
11.66449117660523,804
11.71972298622131,786
11.77317309379578,770
11.8291449546814,765
11.88311815261841,750
11.94014811515808,750
11.99541616439819,750
12.05782294273376,750
12.11120796203613,750
12.16639304161072,750
12.22117495536804,750
12.27811503410339,750
12.33323216438293,750
12.39120316505432,726
12.4532470703125,714
12.51192617416382,693
12.57008194923401,672
12.64580917358399,641
12.72685098648071,618
12.8098521232605,578
12.90699410438538,542
12.99149608612061,527
13.07500600814819,492
13.14763307571411,469
13.21986699104309,447
13.29363894462586,428
13.36787104606628,403
13.44031596183777,383
13.49752902984619,366
13.56042408943176,340
13.62165307998657,326
13.68693017959595,304
13.74778199195862,277
13.80705308914185,271
13.86715698242188,243
13.92905306816101,212
13.99260997772217,197
14.05793714523315,174
14.11820101737976,162
14.17940306663513,130
14.2393159866333,112
14.29813408851624,91
14.36313605308533,67
14.42433214187622,49
14.50212216377258,38
14.56208205223084,31
14.62046599388123,31
14.68031716346741,32
14.7425971031189,32
14.80097699165344,32
14.86779308319092,32
14.94177317619324,32
15.00321197509766,32
15.06628203392029,32
15.12638807296753,32
15.19516611099243,31
15.2655200958252,31
15.33157801628113,40
15.39095902442932,44
15.45542907714844,55
15.51771306991577,65
15.58050608634949,74
15.65140104293823,82
15.71360516548157,91
15.77502417564392,103
15.83806896209717,107
15.90045499801636,114
15.96892499923706,113
16.03444695472717,118
16.1110520362854,120
16.16994214057923,120
16.23158597946167,120
16.29374003410339,120
16.35706400871277,120
16.41973304748535,120
16.48848795890808,120
16.55220699310303,118
16.61544108390808,118
16.67960810661316,114
16.74225211143494,112
16.81129312515259,107
16.88503217697144,103
16.9490110874176,94
17.01298308372498,93
17.07682394981384,95
17.14034795761108,86
17.20695304870605,86
17.27737498283386,86
17.34256911277771,86
17.40713810920715,86
17.47057914733887,86
17.53712916374207,86
17.60723209381104,86
17.67489695549011,86
17.7404420375824,86
17.8051609992981,86
17.86913108825684,86
17.93201017379761,86
17.99692606925964,86
18.06727194786072,86
18.13255095481873,86
18.19860506057739,86
18.26436114311218,86
18.32790994644165,86
18.39755415916443,86
18.46989703178406,86
18.53567504882813,86
18.60764503479004,86
18.67564010620117,86
18.74132394790649,86
18.81203198432923,86
18.88442397117615,86
18.95089507102966,86
19.02533507347107,86
19.09166097640991,93
19.16324400901795,91
19.23510694503784,93
19.30605602264404,99
19.37521910667419,95
19.44250202178955,95
19.50985908508301,95
19.57915115356445,95
19.64892601966858,94
19.72555017471313,94
19.79503512382507,94
19.86367011070252,94
19.94021201133728,94
20.01410794258118,94
20.08988499641418,94
20.15724301338196,94
20.22760510444641,94
20.29436707496643,94
20.36115002632141,94
20.43155002593994,94
20.50778794288636,94
20.57546710968018,94
20.64623904228211,94
20.71693110466004,94
20.787358045578,94
20.85780811309815,94
20.93026995658875,94
21.00002002716065,94
21.06900906562805,94
21.13723516464233,94
21.20821499824524,94
21.28132700920105,94
21.35028409957886,94
21.418123960495,94
21.48707008361816,94
21.56126713752747,94
21.63417410850525,94
21.71167016029358,94
21.78217911720276,94
21.85133600234985,94
21.92496204376221,94
21.99314403533936,94
22.07018494606018,94
22.14426898956299,94
22.21811103820801,94
22.29047608375549,94
22.36546015739441,94
22.43951201438904,94
22.51715803146362,94
22.58817911148071,94
22.66006898880005,94
22.73148107528687,94
22.80555105209351,94
22.8852641582489,94
22.95705795288086,94
23.02760195732117,94
23.09932518005371,94
23.18626999855042,94
23.26140308380127,94
23.33890295028687,94
23.41188716888428,94
23.48635506629944,94
23.55771207809448,94
23.6310031414032,94
23.71089601516724,94
23.7841420173645,94
23.86020803451538,94
23.93497109413147,94
24.02041006088257,94
24.10109210014344,94
24.17602300643921,94
24.25440311431885,94
24.32756304740906,94
24.40214896202088,99
24.48113608360291,99
24.55744099617005,94
24.63013815879822,94
24.70169711112976,94
24.78195905685425,94
