Tall viser til kolonnenummer:
0=Tid, 1=Avstand
0,135
0.03454399108886719,135
0.06436896324157715,135
0.09149599075317383,139
0.1213929653167725,139
0.150101900100708,139
0.1774179935455322,139
0.2033040523529053,135
0.23136305809021,139
0.2591249942779541,139
0.2851698398590088,139
0.3135340213775635,139
0.3429989814758301,135
0.3732378482818604,139
0.4045350551605225,139
0.4343008995056152,139
0.4629919528961182,139
0.4913370609283447,139
0.5201990604400635,139
0.5494759082794189,139
0.5784368515014648,139
0.6078379154205322,139
0.6362979412078857,139
0.6651120185852051,139
0.6951949596405029,139
0.7317378520965576,138
0.7613470554351807,138
0.8016059398651123,138
0.8357348442077637,138
0.8675909042358398,138
0.8989460468292236,138
0.9282479286193848,138
0.9600708484649658,138
0.9915628433227539,138
1.022178888320923,138
1.053153991699219,138
1.084326028823853,138
1.116355895996094,138
1.147125005722046,138
1.18324089050293,138
1.213696956634521,138
1.243834018707275,138
1.278929948806763,138
1.308539867401123,138
1.339831829071045,138
1.373208999633789,138
1.404371976852417,138
1.4372239112854,138
1.470444917678833,138
1.502075910568237,138
1.539669036865234,138
1.582092046737671,138
1.613190889358521,138
1.64485502243042,138
1.678232908248901,138
1.710965871810913,138
1.743346929550171,138
1.777195930480957,143
1.809634923934937,143
1.843024969100952,143
1.876574993133545,143
1.910553932189941,145
1.942507982254028,145
1.982168912887573,144
2.016125917434692,143
2.053232908248901,143
2.089823961257935,143
2.121575832366943,143
2.156292915344238,145
2.190902948379517,145
2.223451852798462,147
2.257333993911743,147
2.294287919998169,149
2.333092927932739,149
2.367583036422729,154
2.411382913589478,156
2.446503877639771,158
2.481459856033325,158
2.517781019210815,157
2.554600954055786,157
2.592260837554932,157
2.627405881881714,157
2.663298845291138,157
2.70057487487793,157
2.737488985061646,157
2.774930953979492,162
2.821481943130493,166
2.859273910522461,166
2.896162033081055,170
2.933677911758423,173
2.971106052398682,170
3.007623910903931,170
3.047062873840332,170
3.08355188369751,170
3.124287843704224,173
3.163605928421021,172
3.213667869567871,175
3.255653858184814,175
3.292153835296631,175
3.329722881317139,173
3.367748975753784,175
3.406324863433838,175
3.444299936294556,175
3.483345031738281,174
3.52892804145813,179
3.569038867950439,181
3.613695859909058,183
3.656383037567139,183
3.695034027099609,183
3.735146045684814,183
3.776321887969971,183
3.814475059509277,183
3.855111837387085,181
3.896308898925781,179
3.940876960754395,174
3.983720064163208,174
4.026283025741577,175
4.067636966705322,175
4.107424974441528,175
4.148241996765137,175
4.190322875976563,174
4.229692935943604,179
4.270485877990723,181
4.309568881988525,181
4.349586009979248,185
4.396169900894165,185
4.436241865158081,185
4.478984832763672,184
4.51885199546814,189
4.565079927444458,189
4.60768985748291,189
4.649740934371948,189
4.691635847091675,184
4.733130931854248,184
4.779685974121094,184
4.826259851455688,189
4.864353895187378,189
4.918586015701294,189
4.959082841873169,189
5.003150939941406,189
5.043045043945313,189
5.08419394493103,189
5.123435020446777,189
5.163602828979492,189
5.212211847305298,189
5.252233028411865,189
5.295675992965698,189
5.337036848068237,189
5.377116918563843,189
5.420362949371338,189
5.461627006530762,189
5.507562875747681,189
5.55506706237793,189
5.60768985748291,189
5.652217864990234,189
5.697620868682861,184
5.742548942565918,184
5.784136056900024,184
5.830080032348633,189
5.875092029571533,189
5.921170949935913,189
5.965005874633789,189
6.01639199256897,189
6.060338020324707,189
6.105655908584595,189
6.150995969772339,184
6.196320056915283,185
6.24225902557373,185
6.288625955581665,183
6.33899998664856,183
6.384915828704834,185
6.441547870635986,185
6.487874031066895,183
6.533098936080933,183
6.590414047241211,183
6.634440898895264,184
6.68306303024292,189
6.727417945861816,189
6.77371883392334,189
6.826125860214233,189
6.872293949127197,189
6.917569875717163,189
6.963693857192993,189
7.00832200050354,189
7.053339958190918,189
7.102102041244507,189
7.153970956802368,189
7.206238031387329,189
7.252559900283813,191
7.304589033126831,190
7.353119850158691,190
7.404315948486328,190
7.45322585105896,198
7.503666877746582,203
7.552329063415527,203
7.612380981445313,197
7.666328907012939,199
7.713726043701172,191
7.762326002120972,191
7.809735059738159,191
7.855191946029663,191
7.904918909072876,191
7.956263065338135,191
8.013996839523315,191
8.061455965042114,191
8.111549854278564,191
8.159553050994873,191
8.210391998291016,191
8.259603977203369,191
8.309932947158813,191
8.357507944107056,191
8.414556980133057,191
8.462380886077881,191
8.518265962600708,189
8.56955099105835,184
8.622336864471436,184
8.675030946731567,185
8.728209018707275,189
8.784276962280273,181
8.84980297088623,179
8.901141881942749,174
8.952266931533813,179
9.004992961883545,183
9.057042837142944,181
9.110179901123047,170
9.160394906997681,166
9.217825889587402,156
9.269106864929199,147
9.322099924087524,138
9.375128030776978,137
9.428192853927612,137
9.481066942214966,139
9.537819862365723,143
9.596449851989746,143
9.653388977050781,138
9.709187984466553,139
9.759876012802124,137
9.820158958435059,137
9.871537923812866,137
9.934610843658447,137
9.990157842636108,135
10.05691504478455,135
10.10907697677612,130
10.16047286987305,135
10.21656799316406,135
10.26912784576416,130
10.32329392433166,130
10.3796808719635,130
10.44210886955261,130
10.49700593948364,130
10.5537428855896,130
10.60758304595947,130
10.66300582885742,130
10.71633386611939,126
10.77220392227173,121
10.83223104476929,128
10.88779306411743,122
10.95374584197998,128
11.01232004165649,128
11.0713369846344,128
11.12522602081299,128
11.1915328502655,121
11.25221586227417,128
11.31057000160217,128
11.36757588386536,121
11.42625999450684,128
11.4823489189148,121
11.54253602027893,128
11.60104203224182,126
11.66230487823486,128
11.72017288208008,128
11.77705502510071,128
11.83632493019104,121
11.893718957901,128
11.95361804962158,122
12.02430987358093,122
12.08572292327881,122
12.14394593238831,128
12.20353698730469,128
12.26296806335449,122
12.3219678401947,122
12.38023185729981,122
12.44332790374756,122
12.50159287452698,122
12.5634708404541,122
12.62222003936768,128
12.68247199058533,128
12.74574899673462,128
12.80420589447022,128
12.87211489677429,126
12.93026399612427,128
12.98946404457092,128
13.04732584953308,128
13.10940003395081,128
13.1677348613739,128
13.23355889320374,128
13.29323792457581,128
13.35145592689514,128
13.41055798530579,128
13.46903800964355,128
13.5393488407135,128
13.60458588600159,128
13.66960692405701,128
13.73364806175232,128
13.79311394691467,128
13.8550398349762,128
13.91636991500855,128
13.97497296333313,128
14.04149603843689,128
14.10262894630432,128
14.16461205482483,122
14.22828793525696,128
14.29043984413147,128
14.35504293441773,122
14.42509889602661,122
14.48970198631287,122
14.55106997489929,122
14.61362385749817,122
14.67698287963867,122
14.73916292190552,120
14.80024385452271,120
14.86845588684082,121
14.93960404396057,120
15.00257301330566,120
15.06432604789734,118
15.12693285942078,118
15.19324493408203,118
15.26388192176819,118
15.32888984680176,118
15.39230489730835,118
15.45652794837952,118
15.52339291572571,113
15.59379196166992,112
15.66623997688294,107
15.73367691040039,107
15.80160093307495,103
15.86706805229187,103
15.93338704109192,101
16.00825786590576,101
16.08121085166931,99
16.14948391914368,99
16.21616697311401,94
16.2829978466034,95
16.34957885742188,93
16.42155504226685,91
16.48904991149903,86
16.55617690086365,84
16.62255787849426,84
16.68990087509155,84
16.76160001754761,84
16.83659100532532,84
16.90519785881043,77
16.97357201576233,78
17.04105496406555,82
17.109375,82
17.17760396003723,78
17.25139594078064,77
17.32057094573975,76
17.38955497741699,74
17.45708799362183,74
17.5236668586731,76
17.59991383552551,74
17.67324805259705,74
17.74445605278015,77
17.81618094444275,82
17.88329100608826,78
17.95303297042847,78
18.02787399291992,82
18.09756684303284,82
18.16740202903748,77
18.23710203170776,78
18.30711388587952,67
18.37915205955506,72
18.46378588676453,72
18.53964686393738,76
18.61156892776489,74
18.68237590789795,74
18.74929285049438,78
18.82116484642029,67
18.9061930179596,67
18.97624397277832,63
19.04635906219482,65
19.11900997161865,67
19.19846796989441,76
19.27707600593567,77
19.34823703765869,78
19.41915702819824,77
19.48902201652527,77
19.55915784835815,78
19.63309788703919,78
19.70435404777527,77
19.77516794204712,84
19.84983587265015,77
19.92254805564881,78
20.0116548538208,74
20.09169793128967,67
20.16052103042603,72
20.23329186439514,67
20.30628991127014,67
20.37854385375977,65
20.45856499671936,72
20.53113102912903,72
20.6070818901062,67
20.68043494224548,67
20.75344491004944,67
20.83563685417175,67
20.91061091423035,67
20.98376989364624,65
21.0599410533905,67
21.13232398033142,65
21.20832896232605,72
21.29016304016113,67
21.36642503738404,76
21.4401228427887,76
21.51374888420105,82
21.59457087516785,84
21.68000388145447,86
21.78752899169922,86
21.87781500816345,91
21.95323395729065,95
22.03152489662171,94
22.11332893371582,99
22.19006204605102,107
22.26258683204651,112
22.33910894393921,112
22.42307901382446,103
22.50451493263245,103
22.58321905136108,109
22.65832805633545,118
22.73768091201782,122
22.8114218711853,121
22.8937509059906,121
22.97229599952698,121
23.04658889770508,121
23.12160801887512,121
23.207603931427,121
23.29344606399536,121
23.36935091018677,121
23.44460105895996,121
23.52703785896301,121
23.6042959690094,121
23.68491101264954,121
23.76461505889893,121
23.84210395812989,121
23.92047095298767,121
24.00460386276245,121
24.08901000022889,122
24.1639358997345,122
24.2399640083313,122
24.31786704063416,122
24.39157295227051,122
24.47662997245789,122
24.55365800857544,122
24.63301301002502,122
24.70860385894776,122
24.79155087471009,122
24.87861204147339,122
24.96120405197144,122
25.04148101806641,122
25.12106990814209,122
25.20112085342407,122
25.28846788406372,122
25.36515188217163,122
25.44698596000671,122
25.52373290061951,122
25.61236500740051,122
25.69735789299012,122
25.77756285667419,120
25.8551549911499,120
25.93490195274353,120
26.01444792747498,120
26.10630202293396,120
26.18632793426514,120
26.26759195327759,120
26.34959697723389,120
26.43432402610779,120
26.51956391334534,120
26.6290500164032,120
26.71957302093506,120
26.82385683059692,120
26.93772292137146,122
27.04115390777588,122
27.1594250202179,122
27.27377390861511,122
27.36780595779419,120
27.45059585571289,120
27.532301902771,120
27.61493396759033,118
27.70252299308777,118
27.78438901901245,118
27.86458206176758,118
