Tall viser til kolonnenummer:
0=Tid, 1=Avstand
0,158
0.0388188362121582,162
0.06671595573425293,162
0.09454488754272461,164
0.124194860458374,166
0.1522979736328125,166
0.1833739280700684,170
0.2107009887695313,172
0.2385518550872803,175
0.2652218341827393,175
0.2922849655151367,175
0.3196868896484375,175
0.3499019145965576,175
0.3758790493011475,175
0.4067599773406982,175
0.4365549087524414,173
0.464810848236084,173
0.4947340488433838,173
0.5247969627380371,170
0.5566928386688232,170
0.5917599201202393,170
0.6198270320892334,170
0.6512069702148438,170
0.6799218654632568,170
0.7111549377441406,170
0.7461948394775391,170
0.7754809856414795,170
0.8091409206390381,173
0.8363528251647949,173
0.869420051574707,173
0.900054931640625,170
0.9307498931884766,170
0.9622888565063477,166
1.001982927322388,164
1.032569885253906,162
1.064003944396973,162
1.093976974487305,162
1.125555038452148,162
1.157992839813232,162
1.188796043395996,162
1.220679998397827,162
1.253577947616577,164
1.283645868301392,164
1.315948009490967,166
1.345952033996582,166
1.383424043655396,166
1.41614294052124,170
1.447906017303467,170
1.481242895126343,170
1.513486862182617,166
1.547363996505737,166
1.582334995269775,162
1.614330053329468,157
1.64531683921814,158
1.692643880844116,157
1.726526975631714,157
1.762553930282593,164
1.798799991607666,166
1.833809852600098,166
1.868612051010132,166
1.899693012237549,166
1.934454917907715,157
1.96868896484375,164
2.0032799243927,164
2.037322044372559,162
2.076113939285278,157
2.110764980316162,157
2.142536878585815,157
2.183621883392334,156
2.21715784072876,157
2.252737045288086,162
2.290309906005859,164
2.32483983039856,166
2.360715866088867,166
2.398512840270996,164
2.433132886886597,164
2.465797901153564,164
2.502094030380249,162
2.538849830627441,157
2.57240891456604,158
2.614292860031128,149
2.649562835693359,149
2.684576034545898,154
2.719296932220459,154
2.760830879211426,156
2.798570871353149,156
2.83608603477478,158
2.871247053146362,162
2.910059928894043,164
2.944746971130371,166
2.986043930053711,166
3.026120901107788,166
3.06363582611084,170
3.101091861724854,170
3.144623994827271,166
3.180799007415771,166
3.222117900848389,166
3.259866952896118,166
3.29595685005188,166
3.333390951156616,164
3.371490955352783,162
3.414818048477173,162
3.453505992889404,164
3.489351987838745,164
3.529865026473999,164
3.567425966262817,166
3.60577392578125,166
3.646044015884399,166
3.683897018432617,164
3.723448991775513,170
3.762603044509888,170
3.811622858047485,173
3.854293823242188,173
3.890703916549683,170
3.935719966888428,170
3.97862696647644,170
4.018528938293457,170
4.059787034988403,170
4.098355054855347,170
4.137284994125366,170
4.179810047149658,166
4.224268913269043,166
4.264817953109741,166
4.303382873535156,166
4.3437180519104,166
4.384577989578247,166
4.423818826675415,166
4.464858055114746,166
4.503564834594727,170
4.551477909088135,175
4.596689939498901,174
4.64054799079895,174
4.683197021484375,175
4.726022005081177,173
4.773265838623047,170
4.813119888305664,166
4.853837013244629,166
4.896059036254883,164
4.94480299949646,164
4.994457960128784,164
5.037360906600952,162
5.079591035842896,164
5.121883869171143,164
5.162451028823853,164
5.205188989639282,166
5.246696949005127,173
5.290493965148926,170
5.332682847976685,166
5.372320890426636,166
5.421291828155518,162
5.463590860366821,157
5.510786056518555,154
5.556656837463379,147
5.605487823486328,149
5.646596908569336,149
5.689771890640259,149
5.735826969146729,156
5.779400825500488,156
5.83213996887207,149
5.874809980392456,138
5.921350002288818,130
5.965291023254395,120
6.011980056762695,113
6.055343866348267,112
6.099730014801025,107
6.147265911102295,103
6.195359945297241,103
6.244406938552856,103
6.288454055786133,103
6.340306997299194,103
6.384811878204346,103
6.433641910552979,103
6.480679035186768,103
6.526510953903198,103
6.574327945709229,107
6.628633975982666,112
6.675452947616577,113
6.732271909713745,120
6.779798984527588,122
6.825894832611084,130
6.874781847000122,130
6.921535015106201,137
6.966670989990234,138
7.02264404296875,143
7.071754932403564,147
7.119487047195435,149
7.175681829452515,156
7.223878860473633,157
7.271206855773926,162
7.31884503364563,164
7.364678859710693,164
7.426548004150391,166
7.479663848876953,166
7.539520025253296,166
7.59859299659729,166
7.652349948883057,166
7.711361885070801,170
7.775464057922363,170
7.845330953598022,170
7.911978006362915,170
7.972636938095093,170
8.031378030776978,170
8.087234020233154,170
8.144559860229492,170
8.201122999191284,170
8.260807991027832,166
8.33476996421814,166
8.392004013061523,166
8.456424951553345,166
8.531795024871826,166
8.597445964813232,166
8.665582895278931,166
8.754489898681641,166
8.829885959625244,166
8.896018981933594,166
8.972270011901855,166
9.032788038253784,164
9.106156826019287,162
9.168495893478394,158
9.221329927444458,154
9.27227783203125,147
9.323418855667114,147
9.373416900634766,147
9.422570943832397,147
9.479796886444092,147
9.536160945892334,147
9.593287944793701,147
9.643159866333008,147
9.692793846130371,149
9.745539903640747,149
9.796730041503906,154
9.853235006332397,149
9.905731916427612,154
9.963114976882935,149
10.01659989356995,149
10.06733298301697,149
10.12181496620178,149
10.17051005363464,147
10.22375297546387,149
10.28077292442322,154
10.33855104446411,154
10.39126992225647,156
10.4483950138092,156
10.50008893013,156
10.55365800857544,149
10.60619783401489,158
10.66481685638428,158
10.71958804130554,157
10.77378296852112,157
10.82678604125977,162
10.88134002685547,162
10.93377590179443,162
10.98970794677735,164
11.04922294616699,162
11.10534501075745,164
11.16734600067139,164
11.22249984741211,164
11.29079389572144,164
11.34246492385864,164
11.39993095397949,164
11.4607949256897,164
11.51984882354736,164
11.57576584815979,164
11.63126683235169,164
11.69418287277222,164
11.74963998794556,164
11.8065550327301,164
11.86863803863526,164
11.92421984672546,164
11.98727703094483,164
12.04534792900086,164
12.09989500045777,164
12.15483689308167,164
12.21257495880127,166
12.27454996109009,164
12.33330392837525,164
12.38591194152832,164
12.44454789161682,164
12.5018789768219,164
12.55670094490051,164
12.61616683006287,164
12.67934393882752,162
12.73879885673523,162
12.80084395408631,162
12.85671091079712,162
12.91528105735779,157
12.97225689888001,157
13.03084182739258,158
13.09258985519409,156
13.15234184265137,156
13.21258783340454,147
13.2691559791565,149
13.32860803604126,145
13.38605499267578,138
13.45129895210266,130
13.51180100440979,128
13.57458996772766,122
13.63852405548096,118
13.69667887687683,118
13.75720286369324,120
13.81633400917053,121
13.8907208442688,126
13.95253205299378,128
14.01369500160217,130
14.07388591766358,135
14.13523292541504,138
14.19362187385559,139
14.26085996627808,139
14.31996893882752,139
14.38432788848877,138
14.44635701179505,147
14.51068997383118,145
14.5718629360199,143
14.63282299041748,143
14.69966387748718,149
14.75977087020874,147
14.82163691520691,154
14.88075399398804,147
14.95233297348022,149
15.01560997962952,145
15.08108401298523,145
15.14855289459229,147
15.21523404121399,149
15.27473187446594,158
15.3385980129242,156
15.39951992034912,156
15.46883082389832,147
15.53276705741882,147
15.5983898639679,149
15.66280293464661,147
15.72613382339478,143
15.78730988502502,145
15.86079001426697,139
15.92276191711426,135
15.99135899543762,135
16.05867791175842,135
16.12355899810791,135
16.18471097946167,137
16.248783826828,139
16.32931804656983,145
16.39281988143921,149
16.45561003684998,149
16.52158403396607,147
16.58726096153259,147
16.65353894233704,158
16.73247003555298,157
16.80204606056213,157
16.86355590820313,162
16.9317569732666,166
16.99572396278382,181
17.06213688850403,185
17.14353084564209,183
17.20981693267822,174
17.27332592010498,170
17.34249687194824,166
17.40551590919495,173
17.46987199783325,189
17.5446949005127,199
17.6159029006958,211
17.68148994445801,219
17.75045204162598,227
17.81384205818176,233
17.88356494903565,228
17.95237398147583,233
18.01988983154297,235
18.08535695075989,228
18.15604996681214,225
18.22369194030762,212
18.29355192184448,205
18.36574482917786,190
18.43251895904541,190
18.49671792984009,179
18.56470894813538,170
18.63146185874939,162
18.70190000534058,154
18.76979088783264,149
18.83912301063538,139
18.90357685089112,137
18.97330403327942,130
19.04152989387512,128
19.11240887641907,126
19.18555283546448,126
19.25864696502686,121
19.32685589790344,126
19.39374494552612,128
19.46278190612793,135
19.53726100921631,137
19.60667896270752,138
19.67557287216187,149
19.74590492248535,156
19.81594800949097,157
19.89117884635925,162
19.97389793395996,164
20.04352998733521,166
20.11244583129883,166
20.18169689178467,166
20.2504608631134,166
20.32730388641358,166
20.39853286743164,166
20.46523785591126,166
20.53441786766052,166
20.60261702537537,166
20.66979598999024,166
20.74881196022034,166
20.82460498809815,166
20.89342904090882,166
20.96594500541687,166
21.03840303421021,166
21.11155295372009,166
21.18003582954407,166
21.25137090682983,166
21.32051491737366,166
21.39130091667175,166
21.46331191062927,166
21.53993582725525,166
21.61472105979919,164
21.68958997726441,162
21.77123689651489,156
21.8434329032898,158
21.92114305496216,158
21.99254584312439,158
22.06361103057862,156
22.13650798797608,154
22.20741891860962,156
22.2785758972168,149
22.3574378490448,156
22.43860197067261,162
22.51742291450501,164
22.59977698326111,166
22.67428588867188,166
22.75725889205933,166
22.83205103874207,166
22.92532587051392,162
23.03344082832337,162
23.13141584396362,158
23.22651886940002,156
23.30529093742371,154
23.37559103965759,149
23.45251584053039,149
23.55133104324341,147
