Tall viser til kolonnenummer:
0=Tid, 1=Avstand
0,128
0.03659319877624512,128
0.06767511367797852,128
0.09253406524658203,128
0.1225199699401855,128
0.155858039855957,128
0.1808831691741943,128
0.206787109375,128
0.234978199005127,128
0.2626101970672607,128
0.2878050804138184,128
0.3130660057067871,128
0.3448450565338135,128
0.370009183883667,128
0.3968491554260254,128
0.4215250015258789,128
0.4509930610656738,128
0.4774870872497559,128
0.5046570301055908,128
0.5310471057891846,128
0.5658280849456787,128
0.5920100212097168,128
0.621103048324585,128
0.650576114654541,128
0.6768350601196289,128
0.7037460803985596,128
0.7392520904541016,128
0.7703900337219238,128
0.7988500595092773,128
0.8284330368041992,128
0.8587310314178467,128
0.8859860897064209,128
0.9168050289154053,128
0.9531660079956055,128
0.9829971790313721,128
1.012608051300049,128
1.041805028915405,128
1.074750185012817,128
1.102602005004883,128
1.13303804397583,128
1.165544986724854,128
1.193160057067871,128
1.224581003189087,128
1.255343198776245,128
1.285786151885986,128
1.31714916229248,128
1.351253032684326,128
1.385006189346313,128
1.41563606262207,128
1.446643114089966,128
1.478819131851196,128
1.508983135223389,128
1.544677972793579,128
1.579776048660278,128
1.609621047973633,128
1.641752004623413,128
1.674774169921875,128
1.707138061523438,128
1.745126008987427,128
1.777636051177979,128
1.809969186782837,128
1.843784093856812,128
1.875846147537231,128
1.908811092376709,128
1.941322088241577,128
1.976904153823853,128
2.010451078414917,128
2.044681072235107,128
2.076702117919922,128
2.111108064651489,128
2.148898124694824,128
2.181818008422852,128
2.215524196624756,128
2.250284194946289,128
2.284548997879028,128
2.317205190658569,128
2.356712102890015,128
2.390976190567017,128
2.42466402053833,128
2.460247993469238,128
2.494407176971436,128
2.531131029129028,128
2.571102142333984,128
2.60670804977417,128
2.640897989273071,128
2.67290210723877,128
2.709748983383179,128
2.745110034942627,128
2.778638124465942,128
2.815235137939453,128
2.851041078567505,128
2.885846138000488,128
2.924474000930786,128
2.964843034744263,128
3.000581979751587,128
3.039669990539551,128
3.073052167892456,128
3.110997200012207,128
3.151059150695801,128
3.184741020202637,128
3.224374055862427,128
3.261595010757446,128
3.297729969024658,128
3.335065126419067,128
3.376764059066772,128
3.413063049316406,128
3.452003002166748,128
3.488439083099365,128
3.527235984802246,128
3.565841197967529,128
3.60474419593811,128
3.642333984375,128
3.67926812171936,128
3.716500043869019,128
3.75993800163269,128
3.796881198883057,128
3.835710048675537,121
3.874494075775146,121
3.911763191223145,121
3.956875085830688,122
3.994664192199707,122
4.038611173629761,122
4.078644037246704,122
4.123812198638916,121
4.175275087356567,121
4.225380182266235,121
4.274521112442017,121
4.312643051147461,121
4.356806039810181,121
4.401050090789795,121
4.446369171142578,121
4.486799001693726,121
4.526777029037476,126
4.57600212097168,126
4.617051124572754,126
4.658642053604126,131
4.699870109558105,130
4.749678134918213,130
4.790840148925781,128
4.834594011306763,128
4.877763032913208,128
4.928863048553467,128
4.978438138961792,131
5.018002986907959,135
5.061336040496826,137
5.102533102035522,139
5.145420074462891,141
5.188765048980713,143
5.232450008392334,143
5.276515007019043,145
5.317924976348877,145
5.366794109344482,147
5.408776998519897,149
5.452958106994629,149
5.498625993728638,149
5.545386075973511,149
5.604932069778442,149
5.659923076629639,149
5.7118980884552,149
5.768670082092285,149
5.818816184997559,149
5.87647819519043,149
5.934790134429932,149
5.98556113243103,149
6.03960919380188,149
6.095157146453857,149
6.176041126251221,147
6.238594055175781,145
6.298395156860352,145
6.351813077926636,145
6.402552127838135,143
6.451668977737427,143
6.497666120529175,143
6.545555114746094,138
6.597608089447021,139
6.643133163452148,139
6.691038131713867,139
6.737680196762085,139
6.781949996948242,139
6.828504085540771,137
6.876914024353027,137
6.921666145324707,137
6.976625204086304,135
7.021920204162598,135
7.072007179260254,135
7.120403051376343,135
7.174437999725342,135
7.220477104187012,135
7.268019199371338,135
7.315813064575195,135
7.369709968566895,135
7.417771100997925,130
7.465569019317627,130
7.51261305809021,130
7.564517974853516,130
7.615053176879883,135
7.665516138076782,130
7.714382171630859,130
7.769074201583862,131
7.817134141921997,130
7.867573022842407,130
7.916450023651123,130
7.968906164169312,130
8.018969058990479,130
8.069195032119751,130
8.11684513092041,130
8.175781011581421,130
8.22553014755249,135
8.275802135467529,135
8.32558798789978,135
8.376932144165039,135
8.427690029144287,137
8.477611064910889,130
8.527362108230591,130
8.585925102233887,128
8.635825157165527,128
8.685608148574829,126
8.741046190261841,126
8.794608116149902,121
8.849858999252319,121
8.898707151412964,120
8.947954177856445,122
9.005110025405884,126
9.057114124298096,128
9.111979007720947,130
9.166365146636963,130
9.217671155929565,130
9.271344184875488,131
9.322770118713379,130
9.381268978118896,130
9.435047149658203,130
9.489704132080078,130
9.547177076339722,131
9.606781005859375,130
9.660014152526855,130
9.712512969970703,130
9.771573066711426,130
9.824751138687134,130
9.878736019134521,130
9.940829038619995,130
9.995076179504395,130
10.04838418960571,130
10.10316705703735,130
10.15720319747925,130
10.2157621383667,130
10.27055597305298,130
10.32182002067566,131
10.38288998603821,130
10.43855500221252,131
10.49307799339295,130
10.54982614517212,130
10.61174297332764,130
10.6664891242981,130
10.72102904319763,130
10.77587509155274,130
10.8319091796875,130
10.88649415969849,130
10.95505905151367,130
11.0170681476593,130
11.07728099822998,130
11.13234710693359,126
11.19373798370361,126
11.25047397613525,128
11.30582499504089,128
11.36128807067871,130
11.42299199104309,130
11.4816529750824,130
11.54095411300659,130
11.61670517921448,130
11.67897200584412,130
11.74669313430786,130
11.82512998580933,130
11.89435911178589,130
11.96729612350464,130
12.05199313163758,130
12.1263861656189,130
12.20758318901062,130
12.27732610702515,130
12.33480906486511,131
12.39483714103699,130
12.45679712295532,130
12.51463198661804,130
12.58102202415466,135
12.64079713821411,135
12.69942212104797,135
12.76485109329224,135
12.82181215286255,130
12.884526014328,130
12.94240999221802,130
13.00779008865357,128
13.06976509094238,128
13.12750816345215,126
13.18996119499207,126
13.24877905845642,126
13.31086707115174,126
13.37766814231873,126
13.43903398513794,126
13.49939203262329,126
13.56569719314575,126
13.63084316253662,126
13.69143104553223,128
13.75126004219055,128
13.8172070980072,128
13.87779498100281,128
13.93981909751892,128
14.00105619430542,128
14.06033301353455,128
14.12680006027222,128
14.19251298904419,130
14.25562715530396,128
14.31659317016602,128
14.38238120079041,128
14.44848608970642,128
14.51143717765808,128
14.57979917526245,130
14.64661002159119,130
14.7084231376648,130
14.77169013023377,131
14.83556509017944,130
14.89900207519531,128
14.97859501838684,128
15.05161714553833,128
15.1155731678009,128
15.18273210525513,128
15.24994015693665,128
15.31242513656616,128
15.37684512138367,128
15.44493198394775,128
15.50873398780823,128
15.57888412475586,128
15.64171600341797,128
15.70691299438477,131
15.77252197265625,130
15.8431031703949,130
15.90714597702027,130
15.97679615020752,130
16.04191112518311,130
16.10569310188294,130
16.17122912406922,128
16.24460697174072,128
16.30751919746399,128
16.37245917320252,128
16.43850517272949,128
16.50176405906677,128
16.56840705871582,128
16.64181804656983,128
16.70965218544007,130
16.78044700622559,130
16.84981513023376,130
16.91651320457459,130
16.99091720581055,130
17.05780100822449,130
17.1231050491333,130
17.19261717796326,128
17.25973701477051,126
17.32676911354065,126
17.39878106117249,121
17.46724700927734,121
17.53263807296753,126
17.60601115226746,128
17.67435908317566,130
17.74476504325867,130
17.81560897827148,130
17.8828489780426,135
17.95249509811401,135
18.02085018157959,135
18.09003901481629,130
18.16263008117676,135
18.23685717582703,130
18.30566120147705,130
18.37720012664795,130
18.44724702835083,135
18.51565313339234,135
18.58525109291077,139
18.66077303886414,135
18.72776699066162,130
18.79840207099915,130
18.87029910087586,130
18.93962502479553,126
19.01536011695862,126
19.09155702590942,126
19.16298818588257,121
19.23537302017212,122
19.30660605430603,121
19.37719702720642,113
19.45503401756287,114
19.52711415290833,114
19.59932398796082,112
19.66901707649231,112
19.73968911170959,109
19.81295919418335,103
19.88523316383362,103
19.95680618286133,103
20.03969717025757,103
20.10887312889099,103
20.18176603317261,103
20.26140117645264,107
20.3308310508728,107
20.40291619300842,107
20.47535419464111,107
20.545086145401,107
20.62196111679077,107
20.69711208343506,107
20.77484512329101,107
20.84905004501343,107
20.92098307609558,107
20.99437212944031,103
21.07484316825867,107
21.14732909202576,107
21.22191119194031,109
21.29680800437928,112
21.37190103530884,112
21.44982600212097,114
21.52451205253601,114
21.60509920120239,118
21.68133997917175,118
21.75507402420044,114
21.83748507499695,114
21.91172409057617,114
21.98937010765076,113
22.06467700004578,109
22.1387631893158,107
22.21838402748108,103
22.29585814476013,103
22.37291598320007,103
22.4531409740448,107
22.53084802627563,109
22.61149120330811,109
22.68685007095337,103
22.76299118995667,103
22.83862209320068,109
22.91544318199158,114
22.99381899833679,113
23.07705903053284,113
23.15263819694519,113
23.23291516304016,113
23.31460905075073,113
23.39380812644959,118
23.47897410392761,118
23.5589120388031,118
23.63776206970215,118
23.71203804016113,118
23.78979015350342,120
23.87264609336853,122
23.95252203941345,122
24.03512120246887,120
24.11932301521301,120
24.19699001312256,120
24.28498315811157,122
24.36698508262634,122
24.44297099113465,122
24.5200309753418,122
24.62444400787354,122
24.71859407424927,121
24.7992250919342,128
24.88138318061829,128
24.95981216430664,128
25.0517430305481,130
25.1329460144043,130
25.21134305000305,128
25.29112315177918,122
25.37030005455017,121
25.45712614059449,118
25.53898000717163,113
25.62451815605164,113
25.70461106300354,113
25.78265810012818,118
25.86833715438843,120
25.95120716094971,120
26.03185105323792,120
26.11117100715637,114
26.19303512573242,113
26.27966117858887,118
26.36054301261902,118
26.44883918762207,122
26.52884912490845,122
26.61113810539246,126
26.69797611236572,128
26.78002715110779,126
26.86303019523621,126
26.94474101066589,121
27.03081011772156,122
27.10976314544678,122
27.19566607475281,122
27.28059220314026,122
27.3630690574646,120
27.45260119438171,120
27.53885412216187,113
27.62149214744568,113
27.70546698570252,114
27.7896740436554,120
27.87755417823792,122
27.96460509300232,118
28.05759310722351,118
28.13961219787598,118
28.22893214225769,118
28.31270909309387,118
28.39727115631104,120
28.48001503944397,122
28.56312108039856,121
28.65697407722473,126
28.74114418029786,126
28.82828617095948,126
28.91560697555542,126
29.00034308433533,121
29.09197115898133,121
29.17995619773865,126
29.26843404769897,126
29.35538911819458,128
29.44684410095215,128
29.53074312210083,130
29.63166999816895,130
29.71789216995239,130
29.83458399772644,135
29.91639709472656,137
30.00246000289917,137
30.09835004806519,137
30.18583798408509,135
30.27718901634216,130
30.36470699310303,130
30.45181107521057,128
30.53761911392212,131
30.62560820579529,130
30.71900320053101,130
30.80723214149475,135
30.89670705795288,130
30.984610080719,130
31.07310700416565,128
31.15779113769531,121
31.24891710281372,121
31.34048199653626,122
31.42296004295349,121
31.51517915725708,121
31.60190916061401,118
31.68918514251709,113
31.77581214904786,113
31.86987018585205,113
31.95747208595276,118
32.04589200019837,121
32.13536906242371,126
32.22237205505371,128
32.31802797317505,131
32.40884304046631,130
32.4980001449585,135
32.58743715286255,139
32.6849889755249,139
32.77672410011292,138
32.87153506278992,147
32.95981597900391,149
33.05505704879761,149
33.14697599411011,145
33.23680400848389,145
33.32370018959045,145
33.41087698936462,145
33.50696802139282,145
33.60095119476318,145
33.68973398208619,145
33.7779290676117,145
33.86976909637451,145
33.95931696891785,145
34.04788208007813,145
34.14294099807739,145
34.23120903968811,145
34.32116007804871,147
34.41267919540405,147
34.50763511657715,145
34.60298609733582,147
34.71261215209961,147
34.80634999275208,145
34.8951210975647,145
34.98593211174011,145
35.0814471244812,145
35.18302202224731,145
35.27999901771546,145
35.36988019943237,145
35.4672269821167,145
35.55859804153442,143
35.6546790599823,143
35.74312114715577,145
35.84877514839173,143
